--- 16x16, Mode= 2 [F]---
[ 0]: Fact= 0:	 -2, -3, -4, -5, -6, -7, -8, -9,-10,-11,-12,-13,-14,-15,-16,-17,            *
[ 1]: Fact= 0:	 -3, -4, -5, -6, -7, -8, -9,-10,-11,-12,-13,-14,-15,-16,-17,-18,            *
[ 2]: Fact= 0:	 -4, -5, -6, -7, -8, -9,-10,-11,-12,-13,-14,-15,-16,-17,-18,-19,            *
[ 3]: Fact= 0:	 -5, -6, -7, -8, -9,-10,-11,-12,-13,-14,-15,-16,-17,-18,-19,-20,            *
[ 4]: Fact= 0:	 -6, -7, -8, -9,-10,-11,-12,-13,-14,-15,-16,-17,-18,-19,-20,-21,            *
[ 5]: Fact= 0:	 -7, -8, -9,-10,-11,-12,-13,-14,-15,-16,-17,-18,-19,-20,-21,-22,            *
[ 6]: Fact= 0:	 -8, -9,-10,-11,-12,-13,-14,-15,-16,-17,-18,-19,-20,-21,-22,-23,            *
[ 7]: Fact= 0:	 -9,-10,-11,-12,-13,-14,-15,-16,-17,-18,-19,-20,-21,-22,-23,-24,            *
[ 8]: Fact= 0:	-10,-11,-12,-13,-14,-15,-16,-17,-18,-19,-20,-21,-22,-23,-24,-25,            *
[ 9]: Fact= 0:	-11,-12,-13,-14,-15,-16,-17,-18,-19,-20,-21,-22,-23,-24,-25,-26,            *
[10]: Fact= 0:	-12,-13,-14,-15,-16,-17,-18,-19,-20,-21,-22,-23,-24,-25,-26,-27,            *
[11]: Fact= 0:	-13,-14,-15,-16,-17,-18,-19,-20,-21,-22,-23,-24,-25,-26,-27,-28,            *
[12]: Fact= 0:	-14,-15,-16,-17,-18,-19,-20,-21,-22,-23,-24,-25,-26,-27,-28,-29,            *
[13]: Fact= 0:	-15,-16,-17,-18,-19,-20,-21,-22,-23,-24,-25,-26,-27,-28,-29,-30,            *
[14]: Fact= 0:	-16,-17,-18,-19,-20,-21,-22,-23,-24,-25,-26,-27,-28,-29,-30,-31,            *
[15]: Fact= 0:	-17,-18,-19,-20,-21,-22,-23,-24,-25,-26,-27,-28,-29,-30,-31,-32,            *
--- 16x16, Mode= 3 [F]---
[ 0]: Fact=26:	 -1, -2, -3, -4, -5, -6, -7, -8, -9,-10,-11,-12,-13,-14,-15,-16,-17,        *
[ 1]: Fact=20:	 -2, -3, -4, -5, -6, -7, -8, -9,-10,-11,-12,-13,-14,-15,-16,-17,-18,        *
[ 2]: Fact=14:	 -3, -4, -5, -6, -7, -8, -9,-10,-11,-12,-13,-14,-15,-16,-17,-18,-19,        *
[ 3]: Fact= 8:	 -4, -5, -6, -7, -8, -9,-10,-11,-12,-13,-14,-15,-16,-17,-18,-19,-20,        *
[ 4]: Fact= 2:	 -5, -6, -7, -8, -9,-10,-11,-12,-13,-14,-15,-16,-17,-18,-19,-20,-21,        *
[ 5]: Fact=28:	 -5, -6, -7, -8, -9,-10,-11,-12,-13,-14,-15,-16,-17,-18,-19,-20,-21,        *
[ 6]: Fact=22:	 -6, -7, -8, -9,-10,-11,-12,-13,-14,-15,-16,-17,-18,-19,-20,-21,-22,        *
[ 7]: Fact=16:	 -7, -8, -9,-10,-11,-12,-13,-14,-15,-16,-17,-18,-19,-20,-21,-22,-23,        *
[ 8]: Fact=10:	 -8, -9,-10,-11,-12,-13,-14,-15,-16,-17,-18,-19,-20,-21,-22,-23,-24,        *
[ 9]: Fact= 4:	 -9,-10,-11,-12,-13,-14,-15,-16,-17,-18,-19,-20,-21,-22,-23,-24,-25,        *
[10]: Fact=30:	 -9,-10,-11,-12,-13,-14,-15,-16,-17,-18,-19,-20,-21,-22,-23,-24,-25,        *
[11]: Fact=24:	-10,-11,-12,-13,-14,-15,-16,-17,-18,-19,-20,-21,-22,-23,-24,-25,-26,        *
[12]: Fact=18:	-11,-12,-13,-14,-15,-16,-17,-18,-19,-20,-21,-22,-23,-24,-25,-26,-27,        *
[13]: Fact=12:	-12,-13,-14,-15,-16,-17,-18,-19,-20,-21,-22,-23,-24,-25,-26,-27,-28,        *
[14]: Fact= 6:	-13,-14,-15,-16,-17,-18,-19,-20,-21,-22,-23,-24,-25,-26,-27,-28,-29,        *
[15]: Fact= 0:	-14,-15,-16,-17,-18,-19,-20,-21,-22,-23,-24,-25,-26,-27,-28,-29,            *
--- 16x16, Mode= 4 [F]---
[ 0]: Fact=21:	 -1, -2, -3, -4, -5, -6, -7, -8, -9,-10,-11,-12,-13,-14,-15,-16,-17,        *
[ 1]: Fact=10:	 -2, -3, -4, -5, -6, -7, -8, -9,-10,-11,-12,-13,-14,-15,-16,-17,-18,        *
[ 2]: Fact=31:	 -2, -3, -4, -5, -6, -7, -8, -9,-10,-11,-12,-13,-14,-15,-16,-17,-18,        *
[ 3]: Fact=20:	 -3, -4, -5, -6, -7, -8, -9,-10,-11,-12,-13,-14,-15,-16,-17,-18,-19,        *
[ 4]: Fact= 9:	 -4, -5, -6, -7, -8, -9,-10,-11,-12,-13,-14,-15,-16,-17,-18,-19,-20,        *
[ 5]: Fact=30:	 -4, -5, -6, -7, -8, -9,-10,-11,-12,-13,-14,-15,-16,-17,-18,-19,-20,        *
[ 6]: Fact=19:	 -5, -6, -7, -8, -9,-10,-11,-12,-13,-14,-15,-16,-17,-18,-19,-20,-21,        *
[ 7]: Fact= 8:	 -6, -7, -8, -9,-10,-11,-12,-13,-14,-15,-16,-17,-18,-19,-20,-21,-22,        *
[ 8]: Fact=29:	 -6, -7, -8, -9,-10,-11,-12,-13,-14,-15,-16,-17,-18,-19,-20,-21,-22,        *
[ 9]: Fact=18:	 -7, -8, -9,-10,-11,-12,-13,-14,-15,-16,-17,-18,-19,-20,-21,-22,-23,        *
[10]: Fact= 7:	 -8, -9,-10,-11,-12,-13,-14,-15,-16,-17,-18,-19,-20,-21,-22,-23,-24,        *
[11]: Fact=28:	 -8, -9,-10,-11,-12,-13,-14,-15,-16,-17,-18,-19,-20,-21,-22,-23,-24,        *
[12]: Fact=17:	 -9,-10,-11,-12,-13,-14,-15,-16,-17,-18,-19,-20,-21,-22,-23,-24,-25,        *
[13]: Fact= 6:	-10,-11,-12,-13,-14,-15,-16,-17,-18,-19,-20,-21,-22,-23,-24,-25,-26,        *
[14]: Fact=27:	-10,-11,-12,-13,-14,-15,-16,-17,-18,-19,-20,-21,-22,-23,-24,-25,-26,        *
[15]: Fact=16:	-11,-12,-13,-14,-15,-16,-17,-18,-19,-20,-21,-22,-23,-24,-25,-26,-27,        *
--- 16x16, Mode= 5 [F]---
[ 0]: Fact=17:	 -1, -2, -3, -4, -5, -6, -7, -8, -9,-10,-11,-12,-13,-14,-15,-16,-17,        *
[ 1]: Fact= 2:	 -2, -3, -4, -5, -6, -7, -8, -9,-10,-11,-12,-13,-14,-15,-16,-17,-18,        *
[ 2]: Fact=19:	 -2, -3, -4, -5, -6, -7, -8, -9,-10,-11,-12,-13,-14,-15,-16,-17,-18,        *
[ 3]: Fact= 4:	 -3, -4, -5, -6, -7, -8, -9,-10,-11,-12,-13,-14,-15,-16,-17,-18,-19,        *
[ 4]: Fact=21:	 -3, -4, -5, -6, -7, -8, -9,-10,-11,-12,-13,-14,-15,-16,-17,-18,-19,        *
[ 5]: Fact= 6:	 -4, -5, -6, -7, -8, -9,-10,-11,-12,-13,-14,-15,-16,-17,-18,-19,-20,        *
[ 6]: Fact=23:	 -4, -5, -6, -7, -8, -9,-10,-11,-12,-13,-14,-15,-16,-17,-18,-19,-20,        *
[ 7]: Fact= 8:	 -5, -6, -7, -8, -9,-10,-11,-12,-13,-14,-15,-16,-17,-18,-19,-20,-21,        *
[ 8]: Fact=25:	 -5, -6, -7, -8, -9,-10,-11,-12,-13,-14,-15,-16,-17,-18,-19,-20,-21,        *
[ 9]: Fact=10:	 -6, -7, -8, -9,-10,-11,-12,-13,-14,-15,-16,-17,-18,-19,-20,-21,-22,        *
[10]: Fact=27:	 -6, -7, -8, -9,-10,-11,-12,-13,-14,-15,-16,-17,-18,-19,-20,-21,-22,        *
[11]: Fact=12:	 -7, -8, -9,-10,-11,-12,-13,-14,-15,-16,-17,-18,-19,-20,-21,-22,-23,        *
[12]: Fact=29:	 -7, -8, -9,-10,-11,-12,-13,-14,-15,-16,-17,-18,-19,-20,-21,-22,-23,        *
[13]: Fact=14:	 -8, -9,-10,-11,-12,-13,-14,-15,-16,-17,-18,-19,-20,-21,-22,-23,-24,        *
[14]: Fact=31:	 -8, -9,-10,-11,-12,-13,-14,-15,-16,-17,-18,-19,-20,-21,-22,-23,-24,        *
[15]: Fact=16:	 -9,-10,-11,-12,-13,-14,-15,-16,-17,-18,-19,-20,-21,-22,-23,-24,-25,        *
--- 16x16, Mode= 6 [F]---
[ 0]: Fact=13:	 -1, -2, -3, -4, -5, -6, -7, -8, -9,-10,-11,-12,-13,-14,-15,-16,-17,        *
[ 1]: Fact=26:	 -1, -2, -3, -4, -5, -6, -7, -8, -9,-10,-11,-12,-13,-14,-15,-16,-17,        *
[ 2]: Fact= 7:	 -2, -3, -4, -5, -6, -7, -8, -9,-10,-11,-12,-13,-14,-15,-16,-17,-18,        *
[ 3]: Fact=20:	 -2, -3, -4, -5, -6, -7, -8, -9,-10,-11,-12,-13,-14,-15,-16,-17,-18,        *
[ 4]: Fact= 1:	 -3, -4, -5, -6, -7, -8, -9,-10,-11,-12,-13,-14,-15,-16,-17,-18,-19,        *
[ 5]: Fact=14:	 -3, -4, -5, -6, -7, -8, -9,-10,-11,-12,-13,-14,-15,-16,-17,-18,-19,        *
[ 6]: Fact=27:	 -3, -4, -5, -6, -7, -8, -9,-10,-11,-12,-13,-14,-15,-16,-17,-18,-19,        *
[ 7]: Fact= 8:	 -4, -5, -6, -7, -8, -9,-10,-11,-12,-13,-14,-15,-16,-17,-18,-19,-20,        *
[ 8]: Fact=21:	 -4, -5, -6, -7, -8, -9,-10,-11,-12,-13,-14,-15,-16,-17,-18,-19,-20,        *
[ 9]: Fact= 2:	 -5, -6, -7, -8, -9,-10,-11,-12,-13,-14,-15,-16,-17,-18,-19,-20,-21,        *
[10]: Fact=15:	 -5, -6, -7, -8, -9,-10,-11,-12,-13,-14,-15,-16,-17,-18,-19,-20,-21,        *
[11]: Fact=28:	 -5, -6, -7, -8, -9,-10,-11,-12,-13,-14,-15,-16,-17,-18,-19,-20,-21,        *
[12]: Fact= 9:	 -6, -7, -8, -9,-10,-11,-12,-13,-14,-15,-16,-17,-18,-19,-20,-21,-22,        *
[13]: Fact=22:	 -6, -7, -8, -9,-10,-11,-12,-13,-14,-15,-16,-17,-18,-19,-20,-21,-22,        *
[14]: Fact= 3:	 -7, -8, -9,-10,-11,-12,-13,-14,-15,-16,-17,-18,-19,-20,-21,-22,-23,        *
[15]: Fact=16:	 -7, -8, -9,-10,-11,-12,-13,-14,-15,-16,-17,-18,-19,-20,-21,-22,-23,        *
--- 16x16, Mode= 7 [F]---
[ 0]: Fact= 9:	 -1, -2, -3, -4, -5, -6, -7, -8, -9,-10,-11,-12,-13,-14,-15,-16,-17,        *
[ 1]: Fact=18:	 -1, -2, -3, -4, -5, -6, -7, -8, -9,-10,-11,-12,-13,-14,-15,-16,-17,        *
[ 2]: Fact=27:	 -1, -2, -3, -4, -5, -6, -7, -8, -9,-10,-11,-12,-13,-14,-15,-16,-17,        *
[ 3]: Fact= 4:	 -2, -3, -4, -5, -6, -7, -8, -9,-10,-11,-12,-13,-14,-15,-16,-17,-18,        *
[ 4]: Fact=13:	 -2, -3, -4, -5, -6, -7, -8, -9,-10,-11,-12,-13,-14,-15,-16,-17,-18,        *
[ 5]: Fact=22:	 -2, -3, -4, -5, -6, -7, -8, -9,-10,-11,-12,-13,-14,-15,-16,-17,-18,        *
[ 6]: Fact=31:	 -2, -3, -4, -5, -6, -7, -8, -9,-10,-11,-12,-13,-14,-15,-16,-17,-18,        *
[ 7]: Fact= 8:	 -3, -4, -5, -6, -7, -8, -9,-10,-11,-12,-13,-14,-15,-16,-17,-18,-19,        *
[ 8]: Fact=17:	 -3, -4, -5, -6, -7, -8, -9,-10,-11,-12,-13,-14,-15,-16,-17,-18,-19,        *
[ 9]: Fact=26:	 -3, -4, -5, -6, -7, -8, -9,-10,-11,-12,-13,-14,-15,-16,-17,-18,-19,        *
[10]: Fact= 3:	 -4, -5, -6, -7, -8, -9,-10,-11,-12,-13,-14,-15,-16,-17,-18,-19,-20,        *
[11]: Fact=12:	 -4, -5, -6, -7, -8, -9,-10,-11,-12,-13,-14,-15,-16,-17,-18,-19,-20,        *
[12]: Fact=21:	 -4, -5, -6, -7, -8, -9,-10,-11,-12,-13,-14,-15,-16,-17,-18,-19,-20,        *
[13]: Fact=30:	 -4, -5, -6, -7, -8, -9,-10,-11,-12,-13,-14,-15,-16,-17,-18,-19,-20,        *
[14]: Fact= 7:	 -5, -6, -7, -8, -9,-10,-11,-12,-13,-14,-15,-16,-17,-18,-19,-20,-21,        *
[15]: Fact=16:	 -5, -6, -7, -8, -9,-10,-11,-12,-13,-14,-15,-16,-17,-18,-19,-20,-21,        *
--- 16x16, Mode= 8 [F]---
[ 0]: Fact= 5:	 -1, -2, -3, -4, -5, -6, -7, -8, -9,-10,-11,-12,-13,-14,-15,-16,-17,        *
[ 1]: Fact=10:	 -1, -2, -3, -4, -5, -6, -7, -8, -9,-10,-11,-12,-13,-14,-15,-16,-17,        *
[ 2]: Fact=15:	 -1, -2, -3, -4, -5, -6, -7, -8, -9,-10,-11,-12,-13,-14,-15,-16,-17,        *
[ 3]: Fact=20:	 -1, -2, -3, -4, -5, -6, -7, -8, -9,-10,-11,-12,-13,-14,-15,-16,-17,        *
[ 4]: Fact=25:	 -1, -2, -3, -4, -5, -6, -7, -8, -9,-10,-11,-12,-13,-14,-15,-16,-17,        *
[ 5]: Fact=30:	 -1, -2, -3, -4, -5, -6, -7, -8, -9,-10,-11,-12,-13,-14,-15,-16,-17,        *
[ 6]: Fact= 3:	 -2, -3, -4, -5, -6, -7, -8, -9,-10,-11,-12,-13,-14,-15,-16,-17,-18,        *
[ 7]: Fact= 8:	 -2, -3, -4, -5, -6, -7, -8, -9,-10,-11,-12,-13,-14,-15,-16,-17,-18,        *
[ 8]: Fact=13:	 -2, -3, -4, -5, -6, -7, -8, -9,-10,-11,-12,-13,-14,-15,-16,-17,-18,        *
[ 9]: Fact=18:	 -2, -3, -4, -5, -6, -7, -8, -9,-10,-11,-12,-13,-14,-15,-16,-17,-18,        *
[10]: Fact=23:	 -2, -3, -4, -5, -6, -7, -8, -9,-10,-11,-12,-13,-14,-15,-16,-17,-18,        *
[11]: Fact=28:	 -2, -3, -4, -5, -6, -7, -8, -9,-10,-11,-12,-13,-14,-15,-16,-17,-18,        *
[12]: Fact= 1:	 -3, -4, -5, -6, -7, -8, -9,-10,-11,-12,-13,-14,-15,-16,-17,-18,-19,        *
[13]: Fact= 6:	 -3, -4, -5, -6, -7, -8, -9,-10,-11,-12,-13,-14,-15,-16,-17,-18,-19,        *
[14]: Fact=11:	 -3, -4, -5, -6, -7, -8, -9,-10,-11,-12,-13,-14,-15,-16,-17,-18,-19,        *
[15]: Fact=16:	 -3, -4, -5, -6, -7, -8, -9,-10,-11,-12,-13,-14,-15,-16,-17,-18,-19,        *
--- 16x16, Mode= 9 [ ]---
[ 0]: Fact= 2:	 -1, -2, -3, -4, -5, -6, -7, -8, -9,-10,-11,-12,-13,-14,-15,-16,-17,        *
[ 1]: Fact= 4:	 -1, -2, -3, -4, -5, -6, -7, -8, -9,-10,-11,-12,-13,-14,-15,-16,-17,        *
[ 2]: Fact= 6:	 -1, -2, -3, -4, -5, -6, -7, -8, -9,-10,-11,-12,-13,-14,-15,-16,-17,        *
[ 3]: Fact= 8:	 -1, -2, -3, -4, -5, -6, -7, -8, -9,-10,-11,-12,-13,-14,-15,-16,-17,        *
[ 4]: Fact=10:	 -1, -2, -3, -4, -5, -6, -7, -8, -9,-10,-11,-12,-13,-14,-15,-16,-17,        *
[ 5]: Fact=12:	 -1, -2, -3, -4, -5, -6, -7, -8, -9,-10,-11,-12,-13,-14,-15,-16,-17,        *
[ 6]: Fact=14:	 -1, -2, -3, -4, -5, -6, -7, -8, -9,-10,-11,-12,-13,-14,-15,-16,-17,        *
[ 7]: Fact=16:	 -1, -2, -3, -4, -5, -6, -7, -8, -9,-10,-11,-12,-13,-14,-15,-16,-17,        *
[ 8]: Fact=18:	 -1, -2, -3, -4, -5, -6, -7, -8, -9,-10,-11,-12,-13,-14,-15,-16,-17,        *
[ 9]: Fact=20:	 -1, -2, -3, -4, -5, -6, -7, -8, -9,-10,-11,-12,-13,-14,-15,-16,-17,        *
[10]: Fact=22:	 -1, -2, -3, -4, -5, -6, -7, -8, -9,-10,-11,-12,-13,-14,-15,-16,-17,        *
[11]: Fact=24:	 -1, -2, -3, -4, -5, -6, -7, -8, -9,-10,-11,-12,-13,-14,-15,-16,-17,        *
[12]: Fact=26:	 -1, -2, -3, -4, -5, -6, -7, -8, -9,-10,-11,-12,-13,-14,-15,-16,-17,        *
[13]: Fact=28:	 -1, -2, -3, -4, -5, -6, -7, -8, -9,-10,-11,-12,-13,-14,-15,-16,-17,        *
[14]: Fact=30:	 -1, -2, -3, -4, -5, -6, -7, -8, -9,-10,-11,-12,-13,-14,-15,-16,-17,        *
[15]: Fact= 0:	 -2, -3, -4, -5, -6, -7, -8, -9,-10,-11,-12,-13,-14,-15,-16,-17,            *
--- 16x16, Mode=10 [ ]---
[ 0]: Fact= 0:	 -1, -2, -3, -4, -5, -6, -7, -8, -9,-10,-11,-12,-13,-14,-15,-16,            *
[ 1]: Fact= 0:	 -1, -2, -3, -4, -5, -6, -7, -8, -9,-10,-11,-12,-13,-14,-15,-16,            *
[ 2]: Fact= 0:	 -1, -2, -3, -4, -5, -6, -7, -8, -9,-10,-11,-12,-13,-14,-15,-16,            *
[ 3]: Fact= 0:	 -1, -2, -3, -4, -5, -6, -7, -8, -9,-10,-11,-12,-13,-14,-15,-16,            *
[ 4]: Fact= 0:	 -1, -2, -3, -4, -5, -6, -7, -8, -9,-10,-11,-12,-13,-14,-15,-16,            *
[ 5]: Fact= 0:	 -1, -2, -3, -4, -5, -6, -7, -8, -9,-10,-11,-12,-13,-14,-15,-16,            *
[ 6]: Fact= 0:	 -1, -2, -3, -4, -5, -6, -7, -8, -9,-10,-11,-12,-13,-14,-15,-16,            *
[ 7]: Fact= 0:	 -1, -2, -3, -4, -5, -6, -7, -8, -9,-10,-11,-12,-13,-14,-15,-16,            *
[ 8]: Fact= 0:	 -1, -2, -3, -4, -5, -6, -7, -8, -9,-10,-11,-12,-13,-14,-15,-16,            *
[ 9]: Fact= 0:	 -1, -2, -3, -4, -5, -6, -7, -8, -9,-10,-11,-12,-13,-14,-15,-16,            *
[10]: Fact= 0:	 -1, -2, -3, -4, -5, -6, -7, -8, -9,-10,-11,-12,-13,-14,-15,-16,            *
[11]: Fact= 0:	 -1, -2, -3, -4, -5, -6, -7, -8, -9,-10,-11,-12,-13,-14,-15,-16,            *
[12]: Fact= 0:	 -1, -2, -3, -4, -5, -6, -7, -8, -9,-10,-11,-12,-13,-14,-15,-16,            *
[13]: Fact= 0:	 -1, -2, -3, -4, -5, -6, -7, -8, -9,-10,-11,-12,-13,-14,-15,-16,            *
[14]: Fact= 0:	 -1, -2, -3, -4, -5, -6, -7, -8, -9,-10,-11,-12,-13,-14,-15,-16,            *
[15]: Fact= 0:	 -1, -2, -3, -4, -5, -6, -7, -8, -9,-10,-11,-12,-13,-14,-15,-16,            *
--- 16x16, Mode=11 [ ]---
[ 0]: Fact=30:	  0, -1, -2, -3, -4, -5, -6, -7, -8, -9,-10,-11,-12,-13,-14,-15,-16,        *
[ 1]: Fact=28:	  0, -1, -2, -3, -4, -5, -6, -7, -8, -9,-10,-11,-12,-13,-14,-15,-16,        *
[ 2]: Fact=26:	  0, -1, -2, -3, -4, -5, -6, -7, -8, -9,-10,-11,-12,-13,-14,-15,-16,        *
[ 3]: Fact=24:	  0, -1, -2, -3, -4, -5, -6, -7, -8, -9,-10,-11,-12,-13,-14,-15,-16,        *
[ 4]: Fact=22:	  0, -1, -2, -3, -4, -5, -6, -7, -8, -9,-10,-11,-12,-13,-14,-15,-16,        *
[ 5]: Fact=20:	  0, -1, -2, -3, -4, -5, -6, -7, -8, -9,-10,-11,-12,-13,-14,-15,-16,        *
[ 6]: Fact=18:	  0, -1, -2, -3, -4, -5, -6, -7, -8, -9,-10,-11,-12,-13,-14,-15,-16,        *
[ 7]: Fact=16:	  0, -1, -2, -3, -4, -5, -6, -7, -8, -9,-10,-11,-12,-13,-14,-15,-16,        *
[ 8]: Fact=14:	  0, -1, -2, -3, -4, -5, -6, -7, -8, -9,-10,-11,-12,-13,-14,-15,-16,        *
[ 9]: Fact=12:	  0, -1, -2, -3, -4, -5, -6, -7, -8, -9,-10,-11,-12,-13,-14,-15,-16,        *
[10]: Fact=10:	  0, -1, -2, -3, -4, -5, -6, -7, -8, -9,-10,-11,-12,-13,-14,-15,-16,        *
[11]: Fact= 8:	  0, -1, -2, -3, -4, -5, -6, -7, -8, -9,-10,-11,-12,-13,-14,-15,-16,        *
[12]: Fact= 6:	  0, -1, -2, -3, -4, -5, -6, -7, -8, -9,-10,-11,-12,-13,-14,-15,-16,        *
[13]: Fact= 4:	  0, -1, -2, -3, -4, -5, -6, -7, -8, -9,-10,-11,-12,-13,-14,-15,-16,        *
[14]: Fact= 2:	  0, -1, -2, -3, -4, -5, -6, -7, -8, -9,-10,-11,-12,-13,-14,-15,-16,        *
[15]: Fact= 0:	  0, -1, -2, -3, -4, -5, -6, -7, -8, -9,-10,-11,-12,-13,-14,-15,            *
--- 16x16, Mode=12 [F]---
[ 0]: Fact=27:	  0, -1, -2, -3, -4, -5, -6, -7, -8, -9,-10,-11,-12,-13,-14,-15,-16,        *
[ 1]: Fact=22:	  0, -1, -2, -3, -4, -5, -6, -7, -8, -9,-10,-11,-12,-13,-14,-15,-16,        *
[ 2]: Fact=17:	  0, -1, -2, -3, -4, -5, -6, -7, -8, -9,-10,-11,-12,-13,-14,-15,-16,        *
[ 3]: Fact=12:	  0, -1, -2, -3, -4, -5, -6, -7, -8, -9,-10,-11,-12,-13,-14,-15,-16,        *
[ 4]: Fact= 7:	  0, -1, -2, -3, -4, -5, -6, -7, -8, -9,-10,-11,-12,-13,-14,-15,-16,        *
[ 5]: Fact= 2:	  0, -1, -2, -3, -4, -5, -6, -7, -8, -9,-10,-11,-12,-13,-14,-15,-16,        *
[ 6]: Fact=29:	  6,  0, -1, -2, -3, -4, -5, -6, -7, -8, -9,-10,-11,-12,-13,-14,-15,        *
[ 7]: Fact=24:	  6,  0, -1, -2, -3, -4, -5, -6, -7, -8, -9,-10,-11,-12,-13,-14,-15,        *
[ 8]: Fact=19:	  6,  0, -1, -2, -3, -4, -5, -6, -7, -8, -9,-10,-11,-12,-13,-14,-15,        *
[ 9]: Fact=14:	  6,  0, -1, -2, -3, -4, -5, -6, -7, -8, -9,-10,-11,-12,-13,-14,-15,        *
[10]: Fact= 9:	  6,  0, -1, -2, -3, -4, -5, -6, -7, -8, -9,-10,-11,-12,-13,-14,-15,        *
[11]: Fact= 4:	  6,  0, -1, -2, -3, -4, -5, -6, -7, -8, -9,-10,-11,-12,-13,-14,-15,        *
[12]: Fact=31:	 13,  6,  0, -1, -2, -3, -4, -5, -6, -7, -8, -9,-10,-11,-12,-13,-14,        *
[13]: Fact=26:	 13,  6,  0, -1, -2, -3, -4, -5, -6, -7, -8, -9,-10,-11,-12,-13,-14,        *
[14]: Fact=21:	 13,  6,  0, -1, -2, -3, -4, -5, -6, -7, -8, -9,-10,-11,-12,-13,-14,        *
[15]: Fact=16:	 13,  6,  0, -1, -2, -3, -4, -5, -6, -7, -8, -9,-10,-11,-12,-13,-14,        *
--- 16x16, Mode=13 [F]---
[ 0]: Fact=23:	  0, -1, -2, -3, -4, -5, -6, -7, -8, -9,-10,-11,-12,-13,-14,-15,-16,        *
[ 1]: Fact=14:	  0, -1, -2, -3, -4, -5, -6, -7, -8, -9,-10,-11,-12,-13,-14,-15,-16,        *
[ 2]: Fact= 5:	  0, -1, -2, -3, -4, -5, -6, -7, -8, -9,-10,-11,-12,-13,-14,-15,-16,        *
[ 3]: Fact=28:	  4,  0, -1, -2, -3, -4, -5, -6, -7, -8, -9,-10,-11,-12,-13,-14,-15,        *
[ 4]: Fact=19:	  4,  0, -1, -2, -3, -4, -5, -6, -7, -8, -9,-10,-11,-12,-13,-14,-15,        *
[ 5]: Fact=10:	  4,  0, -1, -2, -3, -4, -5, -6, -7, -8, -9,-10,-11,-12,-13,-14,-15,        *
[ 6]: Fact= 1:	  4,  0, -1, -2, -3, -4, -5, -6, -7, -8, -9,-10,-11,-12,-13,-14,-15,        *
[ 7]: Fact=24:	  7,  4,  0, -1, -2, -3, -4, -5, -6, -7, -8, -9,-10,-11,-12,-13,-14,        *
[ 8]: Fact=15:	  7,  4,  0, -1, -2, -3, -4, -5, -6, -7, -8, -9,-10,-11,-12,-13,-14,        *
[ 9]: Fact= 6:	  7,  4,  0, -1, -2, -3, -4, -5, -6, -7, -8, -9,-10,-11,-12,-13,-14,        *
[10]: Fact=29:	 11,  7,  4,  0, -1, -2, -3, -4, -5, -6, -7, -8, -9,-10,-11,-12,-13,        *
[11]: Fact=20:	 11,  7,  4,  0, -1, -2, -3, -4, -5, -6, -7, -8, -9,-10,-11,-12,-13,        *
[12]: Fact=11:	 11,  7,  4,  0, -1, -2, -3, -4, -5, -6, -7, -8, -9,-10,-11,-12,-13,        *
[13]: Fact= 2:	 11,  7,  4,  0, -1, -2, -3, -4, -5, -6, -7, -8, -9,-10,-11,-12,-13,        *
[14]: Fact=25:	 14, 11,  7,  4,  0, -1, -2, -3, -4, -5, -6, -7, -8, -9,-10,-11,-12,        *
[15]: Fact=16:	 14, 11,  7,  4,  0, -1, -2, -3, -4, -5, -6, -7, -8, -9,-10,-11,-12,        *
--- 16x16, Mode=14 [F]---
[ 0]: Fact=19:	  0, -1, -2, -3, -4, -5, -6, -7, -8, -9,-10,-11,-12,-13,-14,-15,-16,        *
[ 1]: Fact= 6:	  0, -1, -2, -3, -4, -5, -6, -7, -8, -9,-10,-11,-12,-13,-14,-15,-16,        *
[ 2]: Fact=25:	  2,  0, -1, -2, -3, -4, -5, -6, -7, -8, -9,-10,-11,-12,-13,-14,-15,        *
[ 3]: Fact=12:	  2,  0, -1, -2, -3, -4, -5, -6, -7, -8, -9,-10,-11,-12,-13,-14,-15,        *
[ 4]: Fact=31:	  5,  2,  0, -1, -2, -3, -4, -5, -6, -7, -8, -9,-10,-11,-12,-13,-14,        *
[ 5]: Fact=18:	  5,  2,  0, -1, -2, -3, -4, -5, -6, -7, -8, -9,-10,-11,-12,-13,-14,        *
[ 6]: Fact= 5:	  5,  2,  0, -1, -2, -3, -4, -5, -6, -7, -8, -9,-10,-11,-12,-13,-14,        *
[ 7]: Fact=24:	  7,  5,  2,  0, -1, -2, -3, -4, -5, -6, -7, -8, -9,-10,-11,-12,-13,        *
[ 8]: Fact=11:	  7,  5,  2,  0, -1, -2, -3, -4, -5, -6, -7, -8, -9,-10,-11,-12,-13,        *
[ 9]: Fact=30:	 10,  7,  5,  2,  0, -1, -2, -3, -4, -5, -6, -7, -8, -9,-10,-11,-12,        *
[10]: Fact=17:	 10,  7,  5,  2,  0, -1, -2, -3, -4, -5, -6, -7, -8, -9,-10,-11,-12,        *
[11]: Fact= 4:	 10,  7,  5,  2,  0, -1, -2, -3, -4, -5, -6, -7, -8, -9,-10,-11,-12,        *
[12]: Fact=23:	 12, 10,  7,  5,  2,  0, -1, -2, -3, -4, -5, -6, -7, -8, -9,-10,-11,        *
[13]: Fact=10:	 12, 10,  7,  5,  2,  0, -1, -2, -3, -4, -5, -6, -7, -8, -9,-10,-11,        *
[14]: Fact=29:	 15, 12, 10,  7,  5,  2,  0, -1, -2, -3, -4, -5, -6, -7, -8, -9,-10,        *
[15]: Fact=16:	 15, 12, 10,  7,  5,  2,  0, -1, -2, -3, -4, -5, -6, -7, -8, -9,-10,        *
--- 16x16, Mode=15 [F]---
[ 0]: Fact=15:	  0, -1, -2, -3, -4, -5, -6, -7, -8, -9,-10,-11,-12,-13,-14,-15,-16,        *
[ 1]: Fact=30:	  2,  0, -1, -2, -3, -4, -5, -6, -7, -8, -9,-10,-11,-12,-13,-14,-15,        *
[ 2]: Fact=13:	  2,  0, -1, -2, -3, -4, -5, -6, -7, -8, -9,-10,-11,-12,-13,-14,-15,        *
[ 3]: Fact=28:	  4,  2,  0, -1, -2, -3, -4, -5, -6, -7, -8, -9,-10,-11,-12,-13,-14,        *
[ 4]: Fact=11:	  4,  2,  0, -1, -2, -3, -4, -5, -6, -7, -8, -9,-10,-11,-12,-13,-14,        *
[ 5]: Fact=26:	  6,  4,  2,  0, -1, -2, -3, -4, -5, -6, -7, -8, -9,-10,-11,-12,-13,        *
[ 6]: Fact= 9:	  6,  4,  2,  0, -1, -2, -3, -4, -5, -6, -7, -8, -9,-10,-11,-12,-13,        *
[ 7]: Fact=24:	  8,  6,  4,  2,  0, -1, -2, -3, -4, -5, -6, -7, -8, -9,-10,-11,-12,        *
[ 8]: Fact= 7:	  8,  6,  4,  2,  0, -1, -2, -3, -4, -5, -6, -7, -8, -9,-10,-11,-12,        *
[ 9]: Fact=22:	  9,  8,  6,  4,  2,  0, -1, -2, -3, -4, -5, -6, -7, -8, -9,-10,-11,        *
[10]: Fact= 5:	  9,  8,  6,  4,  2,  0, -1, -2, -3, -4, -5, -6, -7, -8, -9,-10,-11,        *
[11]: Fact=20:	 11,  9,  8,  6,  4,  2,  0, -1, -2, -3, -4, -5, -6, -7, -8, -9,-10,        *
[12]: Fact= 3:	 11,  9,  8,  6,  4,  2,  0, -1, -2, -3, -4, -5, -6, -7, -8, -9,-10,        *
[13]: Fact=18:	 13, 11,  9,  8,  6,  4,  2,  0, -1, -2, -3, -4, -5, -6, -7, -8, -9,        *
[14]: Fact= 1:	 13, 11,  9,  8,  6,  4,  2,  0, -1, -2, -3, -4, -5, -6, -7, -8, -9,        *
[15]: Fact=16:	 15, 13, 11,  9,  8,  6,  4,  2,  0, -1, -2, -3, -4, -5, -6, -7, -8,        *
--- 16x16, Mode=16 [F]---
[ 0]: Fact=11:	  0, -1, -2, -3, -4, -5, -6, -7, -8, -9,-10,-11,-12,-13,-14,-15,-16,        *
[ 1]: Fact=22:	  2,  0, -1, -2, -3, -4, -5, -6, -7, -8, -9,-10,-11,-12,-13,-14,-15,        *
[ 2]: Fact= 1:	  2,  0, -1, -2, -3, -4, -5, -6, -7, -8, -9,-10,-11,-12,-13,-14,-15,        *
[ 3]: Fact=12:	  3,  2,  0, -1, -2, -3, -4, -5, -6, -7, -8, -9,-10,-11,-12,-13,-14,        *
[ 4]: Fact=23:	  5,  3,  2,  0, -1, -2, -3, -4, -5, -6, -7, -8, -9,-10,-11,-12,-13,        *
[ 5]: Fact= 2:	  5,  3,  2,  0, -1, -2, -3, -4, -5, -6, -7, -8, -9,-10,-11,-12,-13,        *
[ 6]: Fact=13:	  6,  5,  3,  2,  0, -1, -2, -3, -4, -5, -6, -7, -8, -9,-10,-11,-12,        *
[ 7]: Fact=24:	  8,  6,  5,  3,  2,  0, -1, -2, -3, -4, -5, -6, -7, -8, -9,-10,-11,        *
[ 8]: Fact= 3:	  8,  6,  5,  3,  2,  0, -1, -2, -3, -4, -5, -6, -7, -8, -9,-10,-11,        *
[ 9]: Fact=14:	  9,  8,  6,  5,  3,  2,  0, -1, -2, -3, -4, -5, -6, -7, -8, -9,-10,        *
[10]: Fact=25:	 11,  9,  8,  6,  5,  3,  2,  0, -1, -2, -3, -4, -5, -6, -7, -8, -9,        *
[11]: Fact= 4:	 11,  9,  8,  6,  5,  3,  2,  0, -1, -2, -3, -4, -5, -6, -7, -8, -9,        *
[12]: Fact=15:	 12, 11,  9,  8,  6,  5,  3,  2,  0, -1, -2, -3, -4, -5, -6, -7, -8,        *
[13]: Fact=26:	 14, 12, 11,  9,  8,  6,  5,  3,  2,  0, -1, -2, -3, -4, -5, -6, -7,        *
[14]: Fact= 5:	 14, 12, 11,  9,  8,  6,  5,  3,  2,  0, -1, -2, -3, -4, -5, -6, -7,        *
[15]: Fact=16:	 15, 14, 12, 11,  9,  8,  6,  5,  3,  2,  0, -1, -2, -3, -4, -5, -6,        *
--- 16x16, Mode=17 [F]---
[ 0]: Fact= 6:	  0, -1, -2, -3, -4, -5, -6, -7, -8, -9,-10,-11,-12,-13,-14,-15,-16,        *
[ 1]: Fact=12:	  1,  0, -1, -2, -3, -4, -5, -6, -7, -8, -9,-10,-11,-12,-13,-14,-15,        *
[ 2]: Fact=18:	  2,  1,  0, -1, -2, -3, -4, -5, -6, -7, -8, -9,-10,-11,-12,-13,-14,        *
[ 3]: Fact=24:	  4,  2,  1,  0, -1, -2, -3, -4, -5, -6, -7, -8, -9,-10,-11,-12,-13,        *
[ 4]: Fact=30:	  5,  4,  2,  1,  0, -1, -2, -3, -4, -5, -6, -7, -8, -9,-10,-11,-12,        *
[ 5]: Fact= 4:	  5,  4,  2,  1,  0, -1, -2, -3, -4, -5, -6, -7, -8, -9,-10,-11,-12,        *
[ 6]: Fact=10:	  6,  5,  4,  2,  1,  0, -1, -2, -3, -4, -5, -6, -7, -8, -9,-10,-11,        *
[ 7]: Fact=16:	  7,  6,  5,  4,  2,  1,  0, -1, -2, -3, -4, -5, -6, -7, -8, -9,-10,        *
[ 8]: Fact=22:	  9,  7,  6,  5,  4,  2,  1,  0, -1, -2, -3, -4, -5, -6, -7, -8, -9,        *
[ 9]: Fact=28:	 10,  9,  7,  6,  5,  4,  2,  1,  0, -1, -2, -3, -4, -5, -6, -7, -8,        *
[10]: Fact= 2:	 10,  9,  7,  6,  5,  4,  2,  1,  0, -1, -2, -3, -4, -5, -6, -7, -8,        *
[11]: Fact= 8:	 11, 10,  9,  7,  6,  5,  4,  2,  1,  0, -1, -2, -3, -4, -5, -6, -7,        *
[12]: Fact=14:	 12, 11, 10,  9,  7,  6,  5,  4,  2,  1,  0, -1, -2, -3, -4, -5, -6,        *
[13]: Fact=20:	 14, 12, 11, 10,  9,  7,  6,  5,  4,  2,  1,  0, -1, -2, -3, -4, -5,        *
[14]: Fact=26:	 15, 14, 12, 11, 10,  9,  7,  6,  5,  4,  2,  1,  0, -1, -2, -3, -4,        *
[15]: Fact= 0:	 15, 14, 12, 11, 10,  9,  7,  6,  5,  4,  2,  1,  0, -1, -2, -3,            *
--- 16x16, Mode=18 [F]---
[ 0]: Fact= 0:	  0,  1,  2,  3,  4,  5,  6,  7,  8,  9, 10, 11, 12, 13, 14, 15,            *
[ 1]: Fact= 0:	 -1,  0,  1,  2,  3,  4,  5,  6,  7,  8,  9, 10, 11, 12, 13, 14,            *
[ 2]: Fact= 0:	 -2, -1,  0,  1,  2,  3,  4,  5,  6,  7,  8,  9, 10, 11, 12, 13,            *
[ 3]: Fact= 0:	 -3, -2, -1,  0,  1,  2,  3,  4,  5,  6,  7,  8,  9, 10, 11, 12,            *
[ 4]: Fact= 0:	 -4, -3, -2, -1,  0,  1,  2,  3,  4,  5,  6,  7,  8,  9, 10, 11,            *
[ 5]: Fact= 0:	 -5, -4, -3, -2, -1,  0,  1,  2,  3,  4,  5,  6,  7,  8,  9, 10,            *
[ 6]: Fact= 0:	 -6, -5, -4, -3, -2, -1,  0,  1,  2,  3,  4,  5,  6,  7,  8,  9,            *
[ 7]: Fact= 0:	 -7, -6, -5, -4, -3, -2, -1,  0,  1,  2,  3,  4,  5,  6,  7,  8,            *
[ 8]: Fact= 0:	 -8, -7, -6, -5, -4, -3, -2, -1,  0,  1,  2,  3,  4,  5,  6,  7,            *
[ 9]: Fact= 0:	 -9, -8, -7, -6, -5, -4, -3, -2, -1,  0,  1,  2,  3,  4,  5,  6,            *
[10]: Fact= 0:	-10, -9, -8, -7, -6, -5, -4, -3, -2, -1,  0,  1,  2,  3,  4,  5,            *
[11]: Fact= 0:	-11,-10, -9, -8, -7, -6, -5, -4, -3, -2, -1,  0,  1,  2,  3,  4,            *
[12]: Fact= 0:	-12,-11,-10, -9, -8, -7, -6, -5, -4, -3, -2, -1,  0,  1,  2,  3,            *
[13]: Fact= 0:	-13,-12,-11,-10, -9, -8, -7, -6, -5, -4, -3, -2, -1,  0,  1,  2,            *
[14]: Fact= 0:	-14,-13,-12,-11,-10, -9, -8, -7, -6, -5, -4, -3, -2, -1,  0,  1,            *
[15]: Fact= 0:	-15,-14,-13,-12,-11,-10, -9, -8, -7, -6, -5, -4, -3, -2, -1,  0,            *
--- 16x16, Mode=19 [F]---
[ 0]: Fact= 6:	  0,  1,  2,  3,  4,  5,  6,  7,  8,  9, 10, 11, 12, 13, 14, 15, 16,        *
[ 1]: Fact=12:	 -1,  0,  1,  2,  3,  4,  5,  6,  7,  8,  9, 10, 11, 12, 13, 14, 15,        *
[ 2]: Fact=18:	 -2, -1,  0,  1,  2,  3,  4,  5,  6,  7,  8,  9, 10, 11, 12, 13, 14,        *
[ 3]: Fact=24:	 -4, -2, -1,  0,  1,  2,  3,  4,  5,  6,  7,  8,  9, 10, 11, 12, 13,        *
[ 4]: Fact=30:	 -5, -4, -2, -1,  0,  1,  2,  3,  4,  5,  6,  7,  8,  9, 10, 11, 12,        *
[ 5]: Fact= 4:	 -5, -4, -2, -1,  0,  1,  2,  3,  4,  5,  6,  7,  8,  9, 10, 11, 12,        *
[ 6]: Fact=10:	 -6, -5, -4, -2, -1,  0,  1,  2,  3,  4,  5,  6,  7,  8,  9, 10, 11,        *
[ 7]: Fact=16:	 -7, -6, -5, -4, -2, -1,  0,  1,  2,  3,  4,  5,  6,  7,  8,  9, 10,        *
[ 8]: Fact=22:	 -9, -7, -6, -5, -4, -2, -1,  0,  1,  2,  3,  4,  5,  6,  7,  8,  9,        *
[ 9]: Fact=28:	-10, -9, -7, -6, -5, -4, -2, -1,  0,  1,  2,  3,  4,  5,  6,  7,  8,        *
[10]: Fact= 2:	-10, -9, -7, -6, -5, -4, -2, -1,  0,  1,  2,  3,  4,  5,  6,  7,  8,        *
[11]: Fact= 8:	-11,-10, -9, -7, -6, -5, -4, -2, -1,  0,  1,  2,  3,  4,  5,  6,  7,        *
[12]: Fact=14:	-12,-11,-10, -9, -7, -6, -5, -4, -2, -1,  0,  1,  2,  3,  4,  5,  6,        *
[13]: Fact=20:	-14,-12,-11,-10, -9, -7, -6, -5, -4, -2, -1,  0,  1,  2,  3,  4,  5,        *
[14]: Fact=26:	-15,-14,-12,-11,-10, -9, -7, -6, -5, -4, -2, -1,  0,  1,  2,  3,  4,        *
[15]: Fact= 0:	-15,-14,-12,-11,-10, -9, -7, -6, -5, -4, -2, -1,  0,  1,  2,  3,            *
--- 16x16, Mode=20 [F]---
[ 0]: Fact=11:	  0,  1,  2,  3,  4,  5,  6,  7,  8,  9, 10, 11, 12, 13, 14, 15, 16,        *
[ 1]: Fact=22:	 -2,  0,  1,  2,  3,  4,  5,  6,  7,  8,  9, 10, 11, 12, 13, 14, 15,        *
[ 2]: Fact= 1:	 -2,  0,  1,  2,  3,  4,  5,  6,  7,  8,  9, 10, 11, 12, 13, 14, 15,        *
[ 3]: Fact=12:	 -3, -2,  0,  1,  2,  3,  4,  5,  6,  7,  8,  9, 10, 11, 12, 13, 14,        *
[ 4]: Fact=23:	 -5, -3, -2,  0,  1,  2,  3,  4,  5,  6,  7,  8,  9, 10, 11, 12, 13,        *
[ 5]: Fact= 2:	 -5, -3, -2,  0,  1,  2,  3,  4,  5,  6,  7,  8,  9, 10, 11, 12, 13,        *
[ 6]: Fact=13:	 -6, -5, -3, -2,  0,  1,  2,  3,  4,  5,  6,  7,  8,  9, 10, 11, 12,        *
[ 7]: Fact=24:	 -8, -6, -5, -3, -2,  0,  1,  2,  3,  4,  5,  6,  7,  8,  9, 10, 11,        *
[ 8]: Fact= 3:	 -8, -6, -5, -3, -2,  0,  1,  2,  3,  4,  5,  6,  7,  8,  9, 10, 11,        *
[ 9]: Fact=14:	 -9, -8, -6, -5, -3, -2,  0,  1,  2,  3,  4,  5,  6,  7,  8,  9, 10,        *
[10]: Fact=25:	-11, -9, -8, -6, -5, -3, -2,  0,  1,  2,  3,  4,  5,  6,  7,  8,  9,        *
[11]: Fact= 4:	-11, -9, -8, -6, -5, -3, -2,  0,  1,  2,  3,  4,  5,  6,  7,  8,  9,        *
[12]: Fact=15:	-12,-11, -9, -8, -6, -5, -3, -2,  0,  1,  2,  3,  4,  5,  6,  7,  8,        *
[13]: Fact=26:	-14,-12,-11, -9, -8, -6, -5, -3, -2,  0,  1,  2,  3,  4,  5,  6,  7,        *
[14]: Fact= 5:	-14,-12,-11, -9, -8, -6, -5, -3, -2,  0,  1,  2,  3,  4,  5,  6,  7,        *
[15]: Fact=16:	-15,-14,-12,-11, -9, -8, -6, -5, -3, -2,  0,  1,  2,  3,  4,  5,  6,        *
--- 16x16, Mode=21 [F]---
[ 0]: Fact=15:	  0,  1,  2,  3,  4,  5,  6,  7,  8,  9, 10, 11, 12, 13, 14, 15, 16,        *
[ 1]: Fact=30:	 -2,  0,  1,  2,  3,  4,  5,  6,  7,  8,  9, 10, 11, 12, 13, 14, 15,        *
[ 2]: Fact=13:	 -2,  0,  1,  2,  3,  4,  5,  6,  7,  8,  9, 10, 11, 12, 13, 14, 15,        *
[ 3]: Fact=28:	 -4, -2,  0,  1,  2,  3,  4,  5,  6,  7,  8,  9, 10, 11, 12, 13, 14,        *
[ 4]: Fact=11:	 -4, -2,  0,  1,  2,  3,  4,  5,  6,  7,  8,  9, 10, 11, 12, 13, 14,        *
[ 5]: Fact=26:	 -6, -4, -2,  0,  1,  2,  3,  4,  5,  6,  7,  8,  9, 10, 11, 12, 13,        *
[ 6]: Fact= 9:	 -6, -4, -2,  0,  1,  2,  3,  4,  5,  6,  7,  8,  9, 10, 11, 12, 13,        *
[ 7]: Fact=24:	 -8, -6, -4, -2,  0,  1,  2,  3,  4,  5,  6,  7,  8,  9, 10, 11, 12,        *
[ 8]: Fact= 7:	 -8, -6, -4, -2,  0,  1,  2,  3,  4,  5,  6,  7,  8,  9, 10, 11, 12,        *
[ 9]: Fact=22:	 -9, -8, -6, -4, -2,  0,  1,  2,  3,  4,  5,  6,  7,  8,  9, 10, 11,        *
[10]: Fact= 5:	 -9, -8, -6, -4, -2,  0,  1,  2,  3,  4,  5,  6,  7,  8,  9, 10, 11,        *
[11]: Fact=20:	-11, -9, -8, -6, -4, -2,  0,  1,  2,  3,  4,  5,  6,  7,  8,  9, 10,        *
[12]: Fact= 3:	-11, -9, -8, -6, -4, -2,  0,  1,  2,  3,  4,  5,  6,  7,  8,  9, 10,        *
[13]: Fact=18:	-13,-11, -9, -8, -6, -4, -2,  0,  1,  2,  3,  4,  5,  6,  7,  8,  9,        *
[14]: Fact= 1:	-13,-11, -9, -8, -6, -4, -2,  0,  1,  2,  3,  4,  5,  6,  7,  8,  9,        *
[15]: Fact=16:	-15,-13,-11, -9, -8, -6, -4, -2,  0,  1,  2,  3,  4,  5,  6,  7,  8,        *
--- 16x16, Mode=22 [F]---
[ 0]: Fact=19:	  0,  1,  2,  3,  4,  5,  6,  7,  8,  9, 10, 11, 12, 13, 14, 15, 16,        *
[ 1]: Fact= 6:	  0,  1,  2,  3,  4,  5,  6,  7,  8,  9, 10, 11, 12, 13, 14, 15, 16,        *
[ 2]: Fact=25:	 -2,  0,  1,  2,  3,  4,  5,  6,  7,  8,  9, 10, 11, 12, 13, 14, 15,        *
[ 3]: Fact=12:	 -2,  0,  1,  2,  3,  4,  5,  6,  7,  8,  9, 10, 11, 12, 13, 14, 15,        *
[ 4]: Fact=31:	 -5, -2,  0,  1,  2,  3,  4,  5,  6,  7,  8,  9, 10, 11, 12, 13, 14,        *
[ 5]: Fact=18:	 -5, -2,  0,  1,  2,  3,  4,  5,  6,  7,  8,  9, 10, 11, 12, 13, 14,        *
[ 6]: Fact= 5:	 -5, -2,  0,  1,  2,  3,  4,  5,  6,  7,  8,  9, 10, 11, 12, 13, 14,        *
[ 7]: Fact=24:	 -7, -5, -2,  0,  1,  2,  3,  4,  5,  6,  7,  8,  9, 10, 11, 12, 13,        *
[ 8]: Fact=11:	 -7, -5, -2,  0,  1,  2,  3,  4,  5,  6,  7,  8,  9, 10, 11, 12, 13,        *
[ 9]: Fact=30:	-10, -7, -5, -2,  0,  1,  2,  3,  4,  5,  6,  7,  8,  9, 10, 11, 12,        *
[10]: Fact=17:	-10, -7, -5, -2,  0,  1,  2,  3,  4,  5,  6,  7,  8,  9, 10, 11, 12,        *
[11]: Fact= 4:	-10, -7, -5, -2,  0,  1,  2,  3,  4,  5,  6,  7,  8,  9, 10, 11, 12,        *
[12]: Fact=23:	-12,-10, -7, -5, -2,  0,  1,  2,  3,  4,  5,  6,  7,  8,  9, 10, 11,        *
[13]: Fact=10:	-12,-10, -7, -5, -2,  0,  1,  2,  3,  4,  5,  6,  7,  8,  9, 10, 11,        *
[14]: Fact=29:	-15,-12,-10, -7, -5, -2,  0,  1,  2,  3,  4,  5,  6,  7,  8,  9, 10,        *
[15]: Fact=16:	-15,-12,-10, -7, -5, -2,  0,  1,  2,  3,  4,  5,  6,  7,  8,  9, 10,        *
--- 16x16, Mode=23 [F]---
[ 0]: Fact=23:	  0,  1,  2,  3,  4,  5,  6,  7,  8,  9, 10, 11, 12, 13, 14, 15, 16,        *
[ 1]: Fact=14:	  0,  1,  2,  3,  4,  5,  6,  7,  8,  9, 10, 11, 12, 13, 14, 15, 16,        *
[ 2]: Fact= 5:	  0,  1,  2,  3,  4,  5,  6,  7,  8,  9, 10, 11, 12, 13, 14, 15, 16,        *
[ 3]: Fact=28:	 -4,  0,  1,  2,  3,  4,  5,  6,  7,  8,  9, 10, 11, 12, 13, 14, 15,        *
[ 4]: Fact=19:	 -4,  0,  1,  2,  3,  4,  5,  6,  7,  8,  9, 10, 11, 12, 13, 14, 15,        *
[ 5]: Fact=10:	 -4,  0,  1,  2,  3,  4,  5,  6,  7,  8,  9, 10, 11, 12, 13, 14, 15,        *
[ 6]: Fact= 1:	 -4,  0,  1,  2,  3,  4,  5,  6,  7,  8,  9, 10, 11, 12, 13, 14, 15,        *
[ 7]: Fact=24:	 -7, -4,  0,  1,  2,  3,  4,  5,  6,  7,  8,  9, 10, 11, 12, 13, 14,        *
[ 8]: Fact=15:	 -7, -4,  0,  1,  2,  3,  4,  5,  6,  7,  8,  9, 10, 11, 12, 13, 14,        *
[ 9]: Fact= 6:	 -7, -4,  0,  1,  2,  3,  4,  5,  6,  7,  8,  9, 10, 11, 12, 13, 14,        *
[10]: Fact=29:	-11, -7, -4,  0,  1,  2,  3,  4,  5,  6,  7,  8,  9, 10, 11, 12, 13,        *
[11]: Fact=20:	-11, -7, -4,  0,  1,  2,  3,  4,  5,  6,  7,  8,  9, 10, 11, 12, 13,        *
[12]: Fact=11:	-11, -7, -4,  0,  1,  2,  3,  4,  5,  6,  7,  8,  9, 10, 11, 12, 13,        *
[13]: Fact= 2:	-11, -7, -4,  0,  1,  2,  3,  4,  5,  6,  7,  8,  9, 10, 11, 12, 13,        *
[14]: Fact=25:	-14,-11, -7, -4,  0,  1,  2,  3,  4,  5,  6,  7,  8,  9, 10, 11, 12,        *
[15]: Fact=16:	-14,-11, -7, -4,  0,  1,  2,  3,  4,  5,  6,  7,  8,  9, 10, 11, 12,        *
--- 16x16, Mode=24 [F]---
[ 0]: Fact=27:	  0,  1,  2,  3,  4,  5,  6,  7,  8,  9, 10, 11, 12, 13, 14, 15, 16,        *
[ 1]: Fact=22:	  0,  1,  2,  3,  4,  5,  6,  7,  8,  9, 10, 11, 12, 13, 14, 15, 16,        *
[ 2]: Fact=17:	  0,  1,  2,  3,  4,  5,  6,  7,  8,  9, 10, 11, 12, 13, 14, 15, 16,        *
[ 3]: Fact=12:	  0,  1,  2,  3,  4,  5,  6,  7,  8,  9, 10, 11, 12, 13, 14, 15, 16,        *
[ 4]: Fact= 7:	  0,  1,  2,  3,  4,  5,  6,  7,  8,  9, 10, 11, 12, 13, 14, 15, 16,        *
[ 5]: Fact= 2:	  0,  1,  2,  3,  4,  5,  6,  7,  8,  9, 10, 11, 12, 13, 14, 15, 16,        *
[ 6]: Fact=29:	 -6,  0,  1,  2,  3,  4,  5,  6,  7,  8,  9, 10, 11, 12, 13, 14, 15,        *
[ 7]: Fact=24:	 -6,  0,  1,  2,  3,  4,  5,  6,  7,  8,  9, 10, 11, 12, 13, 14, 15,        *
[ 8]: Fact=19:	 -6,  0,  1,  2,  3,  4,  5,  6,  7,  8,  9, 10, 11, 12, 13, 14, 15,        *
[ 9]: Fact=14:	 -6,  0,  1,  2,  3,  4,  5,  6,  7,  8,  9, 10, 11, 12, 13, 14, 15,        *
[10]: Fact= 9:	 -6,  0,  1,  2,  3,  4,  5,  6,  7,  8,  9, 10, 11, 12, 13, 14, 15,        *
[11]: Fact= 4:	 -6,  0,  1,  2,  3,  4,  5,  6,  7,  8,  9, 10, 11, 12, 13, 14, 15,        *
[12]: Fact=31:	-13, -6,  0,  1,  2,  3,  4,  5,  6,  7,  8,  9, 10, 11, 12, 13, 14,        *
[13]: Fact=26:	-13, -6,  0,  1,  2,  3,  4,  5,  6,  7,  8,  9, 10, 11, 12, 13, 14,        *
[14]: Fact=21:	-13, -6,  0,  1,  2,  3,  4,  5,  6,  7,  8,  9, 10, 11, 12, 13, 14,        *
[15]: Fact=16:	-13, -6,  0,  1,  2,  3,  4,  5,  6,  7,  8,  9, 10, 11, 12, 13, 14,        *
--- 16x16, Mode=25 [ ]---
[ 0]: Fact=30:	  0,  1,  2,  3,  4,  5,  6,  7,  8,  9, 10, 11, 12, 13, 14, 15, 16,        *
[ 1]: Fact=28:	  0,  1,  2,  3,  4,  5,  6,  7,  8,  9, 10, 11, 12, 13, 14, 15, 16,        *
[ 2]: Fact=26:	  0,  1,  2,  3,  4,  5,  6,  7,  8,  9, 10, 11, 12, 13, 14, 15, 16,        *
[ 3]: Fact=24:	  0,  1,  2,  3,  4,  5,  6,  7,  8,  9, 10, 11, 12, 13, 14, 15, 16,        *
[ 4]: Fact=22:	  0,  1,  2,  3,  4,  5,  6,  7,  8,  9, 10, 11, 12, 13, 14, 15, 16,        *
[ 5]: Fact=20:	  0,  1,  2,  3,  4,  5,  6,  7,  8,  9, 10, 11, 12, 13, 14, 15, 16,        *
[ 6]: Fact=18:	  0,  1,  2,  3,  4,  5,  6,  7,  8,  9, 10, 11, 12, 13, 14, 15, 16,        *
[ 7]: Fact=16:	  0,  1,  2,  3,  4,  5,  6,  7,  8,  9, 10, 11, 12, 13, 14, 15, 16,        *
[ 8]: Fact=14:	  0,  1,  2,  3,  4,  5,  6,  7,  8,  9, 10, 11, 12, 13, 14, 15, 16,        *
[ 9]: Fact=12:	  0,  1,  2,  3,  4,  5,  6,  7,  8,  9, 10, 11, 12, 13, 14, 15, 16,        *
[10]: Fact=10:	  0,  1,  2,  3,  4,  5,  6,  7,  8,  9, 10, 11, 12, 13, 14, 15, 16,        *
[11]: Fact= 8:	  0,  1,  2,  3,  4,  5,  6,  7,  8,  9, 10, 11, 12, 13, 14, 15, 16,        *
[12]: Fact= 6:	  0,  1,  2,  3,  4,  5,  6,  7,  8,  9, 10, 11, 12, 13, 14, 15, 16,        *
[13]: Fact= 4:	  0,  1,  2,  3,  4,  5,  6,  7,  8,  9, 10, 11, 12, 13, 14, 15, 16,        *
[14]: Fact= 2:	  0,  1,  2,  3,  4,  5,  6,  7,  8,  9, 10, 11, 12, 13, 14, 15, 16,        *
[15]: Fact= 0:	  0,  1,  2,  3,  4,  5,  6,  7,  8,  9, 10, 11, 12, 13, 14, 15,            *
--- 16x16, Mode=26 [ ]---
[ 0]: Fact= 0:	  1,  2,  3,  4,  5,  6,  7,  8,  9, 10, 11, 12, 13, 14, 15, 16,            *
[ 1]: Fact= 0:	  1,  2,  3,  4,  5,  6,  7,  8,  9, 10, 11, 12, 13, 14, 15, 16,            *
[ 2]: Fact= 0:	  1,  2,  3,  4,  5,  6,  7,  8,  9, 10, 11, 12, 13, 14, 15, 16,            *
[ 3]: Fact= 0:	  1,  2,  3,  4,  5,  6,  7,  8,  9, 10, 11, 12, 13, 14, 15, 16,            *
[ 4]: Fact= 0:	  1,  2,  3,  4,  5,  6,  7,  8,  9, 10, 11, 12, 13, 14, 15, 16,            *
[ 5]: Fact= 0:	  1,  2,  3,  4,  5,  6,  7,  8,  9, 10, 11, 12, 13, 14, 15, 16,            *
[ 6]: Fact= 0:	  1,  2,  3,  4,  5,  6,  7,  8,  9, 10, 11, 12, 13, 14, 15, 16,            *
[ 7]: Fact= 0:	  1,  2,  3,  4,  5,  6,  7,  8,  9, 10, 11, 12, 13, 14, 15, 16,            *
[ 8]: Fact= 0:	  1,  2,  3,  4,  5,  6,  7,  8,  9, 10, 11, 12, 13, 14, 15, 16,            *
[ 9]: Fact= 0:	  1,  2,  3,  4,  5,  6,  7,  8,  9, 10, 11, 12, 13, 14, 15, 16,            *
[10]: Fact= 0:	  1,  2,  3,  4,  5,  6,  7,  8,  9, 10, 11, 12, 13, 14, 15, 16,            *
[11]: Fact= 0:	  1,  2,  3,  4,  5,  6,  7,  8,  9, 10, 11, 12, 13, 14, 15, 16,            *
[12]: Fact= 0:	  1,  2,  3,  4,  5,  6,  7,  8,  9, 10, 11, 12, 13, 14, 15, 16,            *
[13]: Fact= 0:	  1,  2,  3,  4,  5,  6,  7,  8,  9, 10, 11, 12, 13, 14, 15, 16,            *
[14]: Fact= 0:	  1,  2,  3,  4,  5,  6,  7,  8,  9, 10, 11, 12, 13, 14, 15, 16,            *
[15]: Fact= 0:	  1,  2,  3,  4,  5,  6,  7,  8,  9, 10, 11, 12, 13, 14, 15, 16,            *
--- 16x16, Mode=27 [ ]---
[ 0]: Fact= 2:	  1,  2,  3,  4,  5,  6,  7,  8,  9, 10, 11, 12, 13, 14, 15, 16, 17,        *
[ 1]: Fact= 4:	  1,  2,  3,  4,  5,  6,  7,  8,  9, 10, 11, 12, 13, 14, 15, 16, 17,        *
[ 2]: Fact= 6:	  1,  2,  3,  4,  5,  6,  7,  8,  9, 10, 11, 12, 13, 14, 15, 16, 17,        *
[ 3]: Fact= 8:	  1,  2,  3,  4,  5,  6,  7,  8,  9, 10, 11, 12, 13, 14, 15, 16, 17,        *
[ 4]: Fact=10:	  1,  2,  3,  4,  5,  6,  7,  8,  9, 10, 11, 12, 13, 14, 15, 16, 17,        *
[ 5]: Fact=12:	  1,  2,  3,  4,  5,  6,  7,  8,  9, 10, 11, 12, 13, 14, 15, 16, 17,        *
[ 6]: Fact=14:	  1,  2,  3,  4,  5,  6,  7,  8,  9, 10, 11, 12, 13, 14, 15, 16, 17,        *
[ 7]: Fact=16:	  1,  2,  3,  4,  5,  6,  7,  8,  9, 10, 11, 12, 13, 14, 15, 16, 17,        *
[ 8]: Fact=18:	  1,  2,  3,  4,  5,  6,  7,  8,  9, 10, 11, 12, 13, 14, 15, 16, 17,        *
[ 9]: Fact=20:	  1,  2,  3,  4,  5,  6,  7,  8,  9, 10, 11, 12, 13, 14, 15, 16, 17,        *
[10]: Fact=22:	  1,  2,  3,  4,  5,  6,  7,  8,  9, 10, 11, 12, 13, 14, 15, 16, 17,        *
[11]: Fact=24:	  1,  2,  3,  4,  5,  6,  7,  8,  9, 10, 11, 12, 13, 14, 15, 16, 17,        *
[12]: Fact=26:	  1,  2,  3,  4,  5,  6,  7,  8,  9, 10, 11, 12, 13, 14, 15, 16, 17,        *
[13]: Fact=28:	  1,  2,  3,  4,  5,  6,  7,  8,  9, 10, 11, 12, 13, 14, 15, 16, 17,        *
[14]: Fact=30:	  1,  2,  3,  4,  5,  6,  7,  8,  9, 10, 11, 12, 13, 14, 15, 16, 17,        *
[15]: Fact= 0:	  2,  3,  4,  5,  6,  7,  8,  9, 10, 11, 12, 13, 14, 15, 16, 17,            *
--- 16x16, Mode=28 [F]---
[ 0]: Fact= 5:	  1,  2,  3,  4,  5,  6,  7,  8,  9, 10, 11, 12, 13, 14, 15, 16, 17,        *
[ 1]: Fact=10:	  1,  2,  3,  4,  5,  6,  7,  8,  9, 10, 11, 12, 13, 14, 15, 16, 17,        *
[ 2]: Fact=15:	  1,  2,  3,  4,  5,  6,  7,  8,  9, 10, 11, 12, 13, 14, 15, 16, 17,        *
[ 3]: Fact=20:	  1,  2,  3,  4,  5,  6,  7,  8,  9, 10, 11, 12, 13, 14, 15, 16, 17,        *
[ 4]: Fact=25:	  1,  2,  3,  4,  5,  6,  7,  8,  9, 10, 11, 12, 13, 14, 15, 16, 17,        *
[ 5]: Fact=30:	  1,  2,  3,  4,  5,  6,  7,  8,  9, 10, 11, 12, 13, 14, 15, 16, 17,        *
[ 6]: Fact= 3:	  2,  3,  4,  5,  6,  7,  8,  9, 10, 11, 12, 13, 14, 15, 16, 17, 18,        *
[ 7]: Fact= 8:	  2,  3,  4,  5,  6,  7,  8,  9, 10, 11, 12, 13, 14, 15, 16, 17, 18,        *
[ 8]: Fact=13:	  2,  3,  4,  5,  6,  7,  8,  9, 10, 11, 12, 13, 14, 15, 16, 17, 18,        *
[ 9]: Fact=18:	  2,  3,  4,  5,  6,  7,  8,  9, 10, 11, 12, 13, 14, 15, 16, 17, 18,        *
[10]: Fact=23:	  2,  3,  4,  5,  6,  7,  8,  9, 10, 11, 12, 13, 14, 15, 16, 17, 18,        *
[11]: Fact=28:	  2,  3,  4,  5,  6,  7,  8,  9, 10, 11, 12, 13, 14, 15, 16, 17, 18,        *
[12]: Fact= 1:	  3,  4,  5,  6,  7,  8,  9, 10, 11, 12, 13, 14, 15, 16, 17, 18, 19,        *
[13]: Fact= 6:	  3,  4,  5,  6,  7,  8,  9, 10, 11, 12, 13, 14, 15, 16, 17, 18, 19,        *
[14]: Fact=11:	  3,  4,  5,  6,  7,  8,  9, 10, 11, 12, 13, 14, 15, 16, 17, 18, 19,        *
[15]: Fact=16:	  3,  4,  5,  6,  7,  8,  9, 10, 11, 12, 13, 14, 15, 16, 17, 18, 19,        *
--- 16x16, Mode=29 [F]---
[ 0]: Fact= 9:	  1,  2,  3,  4,  5,  6,  7,  8,  9, 10, 11, 12, 13, 14, 15, 16, 17,        *
[ 1]: Fact=18:	  1,  2,  3,  4,  5,  6,  7,  8,  9, 10, 11, 12, 13, 14, 15, 16, 17,        *
[ 2]: Fact=27:	  1,  2,  3,  4,  5,  6,  7,  8,  9, 10, 11, 12, 13, 14, 15, 16, 17,        *
[ 3]: Fact= 4:	  2,  3,  4,  5,  6,  7,  8,  9, 10, 11, 12, 13, 14, 15, 16, 17, 18,        *
[ 4]: Fact=13:	  2,  3,  4,  5,  6,  7,  8,  9, 10, 11, 12, 13, 14, 15, 16, 17, 18,        *
[ 5]: Fact=22:	  2,  3,  4,  5,  6,  7,  8,  9, 10, 11, 12, 13, 14, 15, 16, 17, 18,        *
[ 6]: Fact=31:	  2,  3,  4,  5,  6,  7,  8,  9, 10, 11, 12, 13, 14, 15, 16, 17, 18,        *
[ 7]: Fact= 8:	  3,  4,  5,  6,  7,  8,  9, 10, 11, 12, 13, 14, 15, 16, 17, 18, 19,        *
[ 8]: Fact=17:	  3,  4,  5,  6,  7,  8,  9, 10, 11, 12, 13, 14, 15, 16, 17, 18, 19,        *
[ 9]: Fact=26:	  3,  4,  5,  6,  7,  8,  9, 10, 11, 12, 13, 14, 15, 16, 17, 18, 19,        *
[10]: Fact= 3:	  4,  5,  6,  7,  8,  9, 10, 11, 12, 13, 14, 15, 16, 17, 18, 19, 20,        *
[11]: Fact=12:	  4,  5,  6,  7,  8,  9, 10, 11, 12, 13, 14, 15, 16, 17, 18, 19, 20,        *
[12]: Fact=21:	  4,  5,  6,  7,  8,  9, 10, 11, 12, 13, 14, 15, 16, 17, 18, 19, 20,        *
[13]: Fact=30:	  4,  5,  6,  7,  8,  9, 10, 11, 12, 13, 14, 15, 16, 17, 18, 19, 20,        *
[14]: Fact= 7:	  5,  6,  7,  8,  9, 10, 11, 12, 13, 14, 15, 16, 17, 18, 19, 20, 21,        *
[15]: Fact=16:	  5,  6,  7,  8,  9, 10, 11, 12, 13, 14, 15, 16, 17, 18, 19, 20, 21,        *
--- 16x16, Mode=30 [F]---
[ 0]: Fact=13:	  1,  2,  3,  4,  5,  6,  7,  8,  9, 10, 11, 12, 13, 14, 15, 16, 17,        *
[ 1]: Fact=26:	  1,  2,  3,  4,  5,  6,  7,  8,  9, 10, 11, 12, 13, 14, 15, 16, 17,        *
[ 2]: Fact= 7:	  2,  3,  4,  5,  6,  7,  8,  9, 10, 11, 12, 13, 14, 15, 16, 17, 18,        *
[ 3]: Fact=20:	  2,  3,  4,  5,  6,  7,  8,  9, 10, 11, 12, 13, 14, 15, 16, 17, 18,        *
[ 4]: Fact= 1:	  3,  4,  5,  6,  7,  8,  9, 10, 11, 12, 13, 14, 15, 16, 17, 18, 19,        *
[ 5]: Fact=14:	  3,  4,  5,  6,  7,  8,  9, 10, 11, 12, 13, 14, 15, 16, 17, 18, 19,        *
[ 6]: Fact=27:	  3,  4,  5,  6,  7,  8,  9, 10, 11, 12, 13, 14, 15, 16, 17, 18, 19,        *
[ 7]: Fact= 8:	  4,  5,  6,  7,  8,  9, 10, 11, 12, 13, 14, 15, 16, 17, 18, 19, 20,        *
[ 8]: Fact=21:	  4,  5,  6,  7,  8,  9, 10, 11, 12, 13, 14, 15, 16, 17, 18, 19, 20,        *
[ 9]: Fact= 2:	  5,  6,  7,  8,  9, 10, 11, 12, 13, 14, 15, 16, 17, 18, 19, 20, 21,        *
[10]: Fact=15:	  5,  6,  7,  8,  9, 10, 11, 12, 13, 14, 15, 16, 17, 18, 19, 20, 21,        *
[11]: Fact=28:	  5,  6,  7,  8,  9, 10, 11, 12, 13, 14, 15, 16, 17, 18, 19, 20, 21,        *
[12]: Fact= 9:	  6,  7,  8,  9, 10, 11, 12, 13, 14, 15, 16, 17, 18, 19, 20, 21, 22,        *
[13]: Fact=22:	  6,  7,  8,  9, 10, 11, 12, 13, 14, 15, 16, 17, 18, 19, 20, 21, 22,        *
[14]: Fact= 3:	  7,  8,  9, 10, 11, 12, 13, 14, 15, 16, 17, 18, 19, 20, 21, 22, 23,        *
[15]: Fact=16:	  7,  8,  9, 10, 11, 12, 13, 14, 15, 16, 17, 18, 19, 20, 21, 22, 23,        *
--- 16x16, Mode=31 [F]---
[ 0]: Fact=17:	  1,  2,  3,  4,  5,  6,  7,  8,  9, 10, 11, 12, 13, 14, 15, 16, 17,        *
[ 1]: Fact= 2:	  2,  3,  4,  5,  6,  7,  8,  9, 10, 11, 12, 13, 14, 15, 16, 17, 18,        *
[ 2]: Fact=19:	  2,  3,  4,  5,  6,  7,  8,  9, 10, 11, 12, 13, 14, 15, 16, 17, 18,        *
[ 3]: Fact= 4:	  3,  4,  5,  6,  7,  8,  9, 10, 11, 12, 13, 14, 15, 16, 17, 18, 19,        *
[ 4]: Fact=21:	  3,  4,  5,  6,  7,  8,  9, 10, 11, 12, 13, 14, 15, 16, 17, 18, 19,        *
[ 5]: Fact= 6:	  4,  5,  6,  7,  8,  9, 10, 11, 12, 13, 14, 15, 16, 17, 18, 19, 20,        *
[ 6]: Fact=23:	  4,  5,  6,  7,  8,  9, 10, 11, 12, 13, 14, 15, 16, 17, 18, 19, 20,        *
[ 7]: Fact= 8:	  5,  6,  7,  8,  9, 10, 11, 12, 13, 14, 15, 16, 17, 18, 19, 20, 21,        *
[ 8]: Fact=25:	  5,  6,  7,  8,  9, 10, 11, 12, 13, 14, 15, 16, 17, 18, 19, 20, 21,        *
[ 9]: Fact=10:	  6,  7,  8,  9, 10, 11, 12, 13, 14, 15, 16, 17, 18, 19, 20, 21, 22,        *
[10]: Fact=27:	  6,  7,  8,  9, 10, 11, 12, 13, 14, 15, 16, 17, 18, 19, 20, 21, 22,        *
[11]: Fact=12:	  7,  8,  9, 10, 11, 12, 13, 14, 15, 16, 17, 18, 19, 20, 21, 22, 23,        *
[12]: Fact=29:	  7,  8,  9, 10, 11, 12, 13, 14, 15, 16, 17, 18, 19, 20, 21, 22, 23,        *
[13]: Fact=14:	  8,  9, 10, 11, 12, 13, 14, 15, 16, 17, 18, 19, 20, 21, 22, 23, 24,        *
[14]: Fact=31:	  8,  9, 10, 11, 12, 13, 14, 15, 16, 17, 18, 19, 20, 21, 22, 23, 24,        *
[15]: Fact=16:	  9, 10, 11, 12, 13, 14, 15, 16, 17, 18, 19, 20, 21, 22, 23, 24, 25,        *
--- 16x16, Mode=32 [F]---
[ 0]: Fact=21:	  1,  2,  3,  4,  5,  6,  7,  8,  9, 10, 11, 12, 13, 14, 15, 16, 17,        *
[ 1]: Fact=10:	  2,  3,  4,  5,  6,  7,  8,  9, 10, 11, 12, 13, 14, 15, 16, 17, 18,        *
[ 2]: Fact=31:	  2,  3,  4,  5,  6,  7,  8,  9, 10, 11, 12, 13, 14, 15, 16, 17, 18,        *
[ 3]: Fact=20:	  3,  4,  5,  6,  7,  8,  9, 10, 11, 12, 13, 14, 15, 16, 17, 18, 19,        *
[ 4]: Fact= 9:	  4,  5,  6,  7,  8,  9, 10, 11, 12, 13, 14, 15, 16, 17, 18, 19, 20,        *
[ 5]: Fact=30:	  4,  5,  6,  7,  8,  9, 10, 11, 12, 13, 14, 15, 16, 17, 18, 19, 20,        *
[ 6]: Fact=19:	  5,  6,  7,  8,  9, 10, 11, 12, 13, 14, 15, 16, 17, 18, 19, 20, 21,        *
[ 7]: Fact= 8:	  6,  7,  8,  9, 10, 11, 12, 13, 14, 15, 16, 17, 18, 19, 20, 21, 22,        *
[ 8]: Fact=29:	  6,  7,  8,  9, 10, 11, 12, 13, 14, 15, 16, 17, 18, 19, 20, 21, 22,        *
[ 9]: Fact=18:	  7,  8,  9, 10, 11, 12, 13, 14, 15, 16, 17, 18, 19, 20, 21, 22, 23,        *
[10]: Fact= 7:	  8,  9, 10, 11, 12, 13, 14, 15, 16, 17, 18, 19, 20, 21, 22, 23, 24,        *
[11]: Fact=28:	  8,  9, 10, 11, 12, 13, 14, 15, 16, 17, 18, 19, 20, 21, 22, 23, 24,        *
[12]: Fact=17:	  9, 10, 11, 12, 13, 14, 15, 16, 17, 18, 19, 20, 21, 22, 23, 24, 25,        *
[13]: Fact= 6:	 10, 11, 12, 13, 14, 15, 16, 17, 18, 19, 20, 21, 22, 23, 24, 25, 26,        *
[14]: Fact=27:	 10, 11, 12, 13, 14, 15, 16, 17, 18, 19, 20, 21, 22, 23, 24, 25, 26,        *
[15]: Fact=16:	 11, 12, 13, 14, 15, 16, 17, 18, 19, 20, 21, 22, 23, 24, 25, 26, 27,        *
--- 16x16, Mode=33 [F]---
[ 0]: Fact=26:	  1,  2,  3,  4,  5,  6,  7,  8,  9, 10, 11, 12, 13, 14, 15, 16, 17,        *
[ 1]: Fact=20:	  2,  3,  4,  5,  6,  7,  8,  9, 10, 11, 12, 13, 14, 15, 16, 17, 18,        *
[ 2]: Fact=14:	  3,  4,  5,  6,  7,  8,  9, 10, 11, 12, 13, 14, 15, 16, 17, 18, 19,        *
[ 3]: Fact= 8:	  4,  5,  6,  7,  8,  9, 10, 11, 12, 13, 14, 15, 16, 17, 18, 19, 20,        *
[ 4]: Fact= 2:	  5,  6,  7,  8,  9, 10, 11, 12, 13, 14, 15, 16, 17, 18, 19, 20, 21,        *
[ 5]: Fact=28:	  5,  6,  7,  8,  9, 10, 11, 12, 13, 14, 15, 16, 17, 18, 19, 20, 21,        *
[ 6]: Fact=22:	  6,  7,  8,  9, 10, 11, 12, 13, 14, 15, 16, 17, 18, 19, 20, 21, 22,        *
[ 7]: Fact=16:	  7,  8,  9, 10, 11, 12, 13, 14, 15, 16, 17, 18, 19, 20, 21, 22, 23,        *
[ 8]: Fact=10:	  8,  9, 10, 11, 12, 13, 14, 15, 16, 17, 18, 19, 20, 21, 22, 23, 24,        *
[ 9]: Fact= 4:	  9, 10, 11, 12, 13, 14, 15, 16, 17, 18, 19, 20, 21, 22, 23, 24, 25,        *
[10]: Fact=30:	  9, 10, 11, 12, 13, 14, 15, 16, 17, 18, 19, 20, 21, 22, 23, 24, 25,        *
[11]: Fact=24:	 10, 11, 12, 13, 14, 15, 16, 17, 18, 19, 20, 21, 22, 23, 24, 25, 26,        *
[12]: Fact=18:	 11, 12, 13, 14, 15, 16, 17, 18, 19, 20, 21, 22, 23, 24, 25, 26, 27,        *
[13]: Fact=12:	 12, 13, 14, 15, 16, 17, 18, 19, 20, 21, 22, 23, 24, 25, 26, 27, 28,        *
[14]: Fact= 6:	 13, 14, 15, 16, 17, 18, 19, 20, 21, 22, 23, 24, 25, 26, 27, 28, 29,        *
[15]: Fact= 0:	 14, 15, 16, 17, 18, 19, 20, 21, 22, 23, 24, 25, 26, 27, 28, 29,            *
--- 16x16, Mode=34 [F]---
[ 0]: Fact= 0:	  2,  3,  4,  5,  6,  7,  8,  9, 10, 11, 12, 13, 14, 15, 16, 17,            *
[ 1]: Fact= 0:	  3,  4,  5,  6,  7,  8,  9, 10, 11, 12, 13, 14, 15, 16, 17, 18,            *
[ 2]: Fact= 0:	  4,  5,  6,  7,  8,  9, 10, 11, 12, 13, 14, 15, 16, 17, 18, 19,            *
[ 3]: Fact= 0:	  5,  6,  7,  8,  9, 10, 11, 12, 13, 14, 15, 16, 17, 18, 19, 20,            *
[ 4]: Fact= 0:	  6,  7,  8,  9, 10, 11, 12, 13, 14, 15, 16, 17, 18, 19, 20, 21,            *
[ 5]: Fact= 0:	  7,  8,  9, 10, 11, 12, 13, 14, 15, 16, 17, 18, 19, 20, 21, 22,            *
[ 6]: Fact= 0:	  8,  9, 10, 11, 12, 13, 14, 15, 16, 17, 18, 19, 20, 21, 22, 23,            *
[ 7]: Fact= 0:	  9, 10, 11, 12, 13, 14, 15, 16, 17, 18, 19, 20, 21, 22, 23, 24,            *
[ 8]: Fact= 0:	 10, 11, 12, 13, 14, 15, 16, 17, 18, 19, 20, 21, 22, 23, 24, 25,            *
[ 9]: Fact= 0:	 11, 12, 13, 14, 15, 16, 17, 18, 19, 20, 21, 22, 23, 24, 25, 26,            *
[10]: Fact= 0:	 12, 13, 14, 15, 16, 17, 18, 19, 20, 21, 22, 23, 24, 25, 26, 27,            *
[11]: Fact= 0:	 13, 14, 15, 16, 17, 18, 19, 20, 21, 22, 23, 24, 25, 26, 27, 28,            *
[12]: Fact= 0:	 14, 15, 16, 17, 18, 19, 20, 21, 22, 23, 24, 25, 26, 27, 28, 29,            *
[13]: Fact= 0:	 15, 16, 17, 18, 19, 20, 21, 22, 23, 24, 25, 26, 27, 28, 29, 30,            *
[14]: Fact= 0:	 16, 17, 18, 19, 20, 21, 22, 23, 24, 25, 26, 27, 28, 29, 30, 31,            *
[15]: Fact= 0:	 17, 18, 19, 20, 21, 22, 23, 24, 25, 26, 27, 28, 29, 30, 31, 32,            *
