--- 8x8, Mode= 2 ---
[ 0]: Fact= 0:	 -2, -3, -4, -5, -6, -7, -8, -9,            *
[ 1]: Fact= 0:	 -3, -4, -5, -6, -7, -8, -9,-10,            *
[ 2]: Fact= 0:	 -4, -5, -6, -7, -8, -9,-10,-11,            *
[ 3]: Fact= 0:	 -5, -6, -7, -8, -9,-10,-11,-12,            *
[ 4]: Fact= 0:	 -6, -7, -8, -9,-10,-11,-12,-13,            *
[ 5]: Fact= 0:	 -7, -8, -9,-10,-11,-12,-13,-14,            *
[ 6]: Fact= 0:	 -8, -9,-10,-11,-12,-13,-14,-15,            *
[ 7]: Fact= 0:	 -9,-10,-11,-12,-13,-14,-15,-16,            *
--- 8x8, Mode= 3 ---                                        
[ 0]: Fact=26:	 -1, -2, -3, -4, -5, -6, -7, -8, -9,        *
[ 1]: Fact=20:	 -2, -3, -4, -5, -6, -7, -8, -9,-10,        *
[ 2]: Fact=14:	 -3, -4, -5, -6, -7, -8, -9,-10,-11,        *
[ 3]: Fact= 8:	 -4, -5, -6, -7, -8, -9,-10,-11,-12,        *
[ 4]: Fact= 2:	 -5, -6, -7, -8, -9,-10,-11,-12,-13,        *
[ 5]: Fact=28:	 -5, -6, -7, -8, -9,-10,-11,-12,-13,        *
[ 6]: Fact=22:	 -6, -7, -8, -9,-10,-11,-12,-13,-14,        *
[ 7]: Fact=16:	 -7, -8, -9,-10,-11,-12,-13,-14,-15,        *
--- 8x8, Mode= 4 ---
[ 0]: Fact=21:	 -1, -2, -3, -4, -5, -6, -7, -8, -9,        *
[ 1]: Fact=10:	 -2, -3, -4, -5, -6, -7, -8, -9,-10,        *
[ 2]: Fact=31:	 -2, -3, -4, -5, -6, -7, -8, -9,-10,        *
[ 3]: Fact=20:	 -3, -4, -5, -6, -7, -8, -9,-10,-11,        *
[ 4]: Fact= 9:	 -4, -5, -6, -7, -8, -9,-10,-11,-12,        *
[ 5]: Fact=30:	 -4, -5, -6, -7, -8, -9,-10,-11,-12,        *
[ 6]: Fact=19:	 -5, -6, -7, -8, -9,-10,-11,-12,-13,        *
[ 7]: Fact= 8:	 -6, -7, -8, -9,-10,-11,-12,-13,-14,        *
--- 8x8, Mode= 5 ---
[ 0]: Fact=17:	 -1, -2, -3, -4, -5, -6, -7, -8, -9,        *
[ 1]: Fact= 2:	 -2, -3, -4, -5, -6, -7, -8, -9,-10,        *
[ 2]: Fact=19:	 -2, -3, -4, -5, -6, -7, -8, -9,-10,        *
[ 3]: Fact= 4:	 -3, -4, -5, -6, -7, -8, -9,-10,-11,        *
[ 4]: Fact=21:	 -3, -4, -5, -6, -7, -8, -9,-10,-11,        *
[ 5]: Fact= 6:	 -4, -5, -6, -7, -8, -9,-10,-11,-12,        *
[ 6]: Fact=23:	 -4, -5, -6, -7, -8, -9,-10,-11,-12,        *
[ 7]: Fact= 8:	 -5, -6, -7, -8, -9,-10,-11,-12,-13,        *
--- 8x8, Mode= 6 ---
[ 0]: Fact=13:	 -1, -2, -3, -4, -5, -6, -7, -8, -9,        *
[ 1]: Fact=26:	 -1, -2, -3, -4, -5, -6, -7, -8, -9,        *
[ 2]: Fact= 7:	 -2, -3, -4, -5, -6, -7, -8, -9,-10,        *
[ 3]: Fact=20:	 -2, -3, -4, -5, -6, -7, -8, -9,-10,        *
[ 4]: Fact= 1:	 -3, -4, -5, -6, -7, -8, -9,-10,-11,        *
[ 5]: Fact=14:	 -3, -4, -5, -6, -7, -8, -9,-10,-11,        *
[ 6]: Fact=27:	 -3, -4, -5, -6, -7, -8, -9,-10,-11,        *
[ 7]: Fact= 8:	 -4, -5, -6, -7, -8, -9,-10,-11,-12,        *
--- 8x8, Mode= 7 ---
[ 0]: Fact= 9:	 -1, -2, -3, -4, -5, -6, -7, -8, -9,        *
[ 1]: Fact=18:	 -1, -2, -3, -4, -5, -6, -7, -8, -9,        *
[ 2]: Fact=27:	 -1, -2, -3, -4, -5, -6, -7, -8, -9,        *
[ 3]: Fact= 4:	 -2, -3, -4, -5, -6, -7, -8, -9,-10,        *
[ 4]: Fact=13:	 -2, -3, -4, -5, -6, -7, -8, -9,-10,        *
[ 5]: Fact=22:	 -2, -3, -4, -5, -6, -7, -8, -9,-10,        *
[ 6]: Fact=31:	 -2, -3, -4, -5, -6, -7, -8, -9,-10,        *
[ 7]: Fact= 8:	 -3, -4, -5, -6, -7, -8, -9,-10,-11,        *
--- 8x8, Mode= 8 ---
[ 0]: Fact= 5:	 -1, -2, -3, -4, -5, -6, -7, -8, -9,        *
[ 1]: Fact=10:	 -1, -2, -3, -4, -5, -6, -7, -8, -9,        *
[ 2]: Fact=15:	 -1, -2, -3, -4, -5, -6, -7, -8, -9,        *
[ 3]: Fact=20:	 -1, -2, -3, -4, -5, -6, -7, -8, -9,        *
[ 4]: Fact=25:	 -1, -2, -3, -4, -5, -6, -7, -8, -9,        *
[ 5]: Fact=30:	 -1, -2, -3, -4, -5, -6, -7, -8, -9,        *
[ 6]: Fact= 3:	 -2, -3, -4, -5, -6, -7, -8, -9,-10,        *
[ 7]: Fact= 8:	 -2, -3, -4, -5, -6, -7, -8, -9,-10,        *
--- 8x8, Mode= 9 ---
[ 0]: Fact= 2:	 -1, -2, -3, -4, -5, -6, -7, -8, -9,        *
[ 1]: Fact= 4:	 -1, -2, -3, -4, -5, -6, -7, -8, -9,        *
[ 2]: Fact= 6:	 -1, -2, -3, -4, -5, -6, -7, -8, -9,        *
[ 3]: Fact= 8:	 -1, -2, -3, -4, -5, -6, -7, -8, -9,        *
[ 4]: Fact=10:	 -1, -2, -3, -4, -5, -6, -7, -8, -9,        *
[ 5]: Fact=12:	 -1, -2, -3, -4, -5, -6, -7, -8, -9,        *
[ 6]: Fact=14:	 -1, -2, -3, -4, -5, -6, -7, -8, -9,        *
[ 7]: Fact=16:	 -1, -2, -3, -4, -5, -6, -7, -8, -9,        *
--- 8x8, Mode=10 ---
[ 0]: Fact= 0:	 -1, -2, -3, -4, -5, -6, -7, -8,            *
[ 1]: Fact= 0:	 -1, -2, -3, -4, -5, -6, -7, -8,            *
[ 2]: Fact= 0:	 -1, -2, -3, -4, -5, -6, -7, -8,            *
[ 3]: Fact= 0:	 -1, -2, -3, -4, -5, -6, -7, -8,            *
[ 4]: Fact= 0:	 -1, -2, -3, -4, -5, -6, -7, -8,            *
[ 5]: Fact= 0:	 -1, -2, -3, -4, -5, -6, -7, -8,            *
[ 6]: Fact= 0:	 -1, -2, -3, -4, -5, -6, -7, -8,            *
[ 7]: Fact= 0:	 -1, -2, -3, -4, -5, -6, -7, -8,            *
--- 8x8, Mode=11 ---
[ 0]: Fact=30:	  0, -1, -2, -3, -4, -5, -6, -7, -8,        *
[ 1]: Fact=28:	  0, -1, -2, -3, -4, -5, -6, -7, -8,        *
[ 2]: Fact=26:	  0, -1, -2, -3, -4, -5, -6, -7, -8,        *
[ 3]: Fact=24:	  0, -1, -2, -3, -4, -5, -6, -7, -8,        *
[ 4]: Fact=22:	  0, -1, -2, -3, -4, -5, -6, -7, -8,        *
[ 5]: Fact=20:	  0, -1, -2, -3, -4, -5, -6, -7, -8,        *
[ 6]: Fact=18:	  0, -1, -2, -3, -4, -5, -6, -7, -8,        *
[ 7]: Fact=16:	  0, -1, -2, -3, -4, -5, -6, -7, -8,        *
--- 8x8, Mode=12 ---
[ 0]: Fact=27:	  0, -1, -2, -3, -4, -5, -6, -7, -8,        *
[ 1]: Fact=22:	  0, -1, -2, -3, -4, -5, -6, -7, -8,        *
[ 2]: Fact=17:	  0, -1, -2, -3, -4, -5, -6, -7, -8,        *
[ 3]: Fact=12:	  0, -1, -2, -3, -4, -5, -6, -7, -8,        *
[ 4]: Fact= 7:	  0, -1, -2, -3, -4, -5, -6, -7, -8,        *
[ 5]: Fact= 2:	  0, -1, -2, -3, -4, -5, -6, -7, -8,        *
[ 6]: Fact=29:	  6,  0, -1, -2, -3, -4, -5, -6, -7,        *
[ 7]: Fact=24:	  6,  0, -1, -2, -3, -4, -5, -6, -7,        *
--- 8x8, Mode=13 ---
[ 0]: Fact=23:	  0, -1, -2, -3, -4, -5, -6, -7, -8,        *
[ 1]: Fact=14:	  0, -1, -2, -3, -4, -5, -6, -7, -8,        *
[ 2]: Fact= 5:	  0, -1, -2, -3, -4, -5, -6, -7, -8,        *
[ 3]: Fact=28:	  4,  0, -1, -2, -3, -4, -5, -6, -7,        *
[ 4]: Fact=19:	  4,  0, -1, -2, -3, -4, -5, -6, -7,        *
[ 5]: Fact=10:	  4,  0, -1, -2, -3, -4, -5, -6, -7,        *
[ 6]: Fact= 1:	  4,  0, -1, -2, -3, -4, -5, -6, -7,        *
[ 7]: Fact=24:	  7,  4,  0, -1, -2, -3, -4, -5, -6,        *
--- 8x8, Mode=14 ---
[ 0]: Fact=19:	  0, -1, -2, -3, -4, -5, -6, -7, -8,        *
[ 1]: Fact= 6:	  0, -1, -2, -3, -4, -5, -6, -7, -8,        *
[ 2]: Fact=25:	  2,  0, -1, -2, -3, -4, -5, -6, -7,        *
[ 3]: Fact=12:	  2,  0, -1, -2, -3, -4, -5, -6, -7,        *
[ 4]: Fact=31:	  5,  2,  0, -1, -2, -3, -4, -5, -6,        *
[ 5]: Fact=18:	  5,  2,  0, -1, -2, -3, -4, -5, -6,        *
[ 6]: Fact= 5:	  5,  2,  0, -1, -2, -3, -4, -5, -6,        *
[ 7]: Fact=24:	  7,  5,  2,  0, -1, -2, -3, -4, -5,        *
--- 8x8, Mode=15 ---
[ 0]: Fact=15:	  0, -1, -2, -3, -4, -5, -6, -7, -8,        *
[ 1]: Fact=30:	  2,  0, -1, -2, -3, -4, -5, -6, -7,        *
[ 2]: Fact=13:	  2,  0, -1, -2, -3, -4, -5, -6, -7,        *
[ 3]: Fact=28:	  4,  2,  0, -1, -2, -3, -4, -5, -6,        *
[ 4]: Fact=11:	  4,  2,  0, -1, -2, -3, -4, -5, -6,        *
[ 5]: Fact=26:	  6,  4,  2,  0, -1, -2, -3, -4, -5,        *
[ 6]: Fact= 9:	  6,  4,  2,  0, -1, -2, -3, -4, -5,        *
[ 7]: Fact=24:	  8,  6,  4,  2,  0, -1, -2, -3, -4,        *
--- 8x8, Mode=16 ---
[ 0]: Fact=11:	  0, -1, -2, -3, -4, -5, -6, -7, -8,        *
[ 1]: Fact=22:	  2,  0, -1, -2, -3, -4, -5, -6, -7,        *
[ 2]: Fact= 1:	  2,  0, -1, -2, -3, -4, -5, -6, -7,        *
[ 3]: Fact=12:	  3,  2,  0, -1, -2, -3, -4, -5, -6,        *
[ 4]: Fact=23:	  5,  3,  2,  0, -1, -2, -3, -4, -5,        *
[ 5]: Fact= 2:	  5,  3,  2,  0, -1, -2, -3, -4, -5,        *
[ 6]: Fact=13:	  6,  5,  3,  2,  0, -1, -2, -3, -4,        *
[ 7]: Fact=24:	  8,  6,  5,  3,  2,  0, -1, -2, -3,        *
--- 8x8, Mode=17 ---
[ 0]: Fact= 6:	  0, -1, -2, -3, -4, -5, -6, -7, -8,        x
[ 1]: Fact=12:	  1,  0, -1, -2, -3, -4, -5, -6, -7,        *
[ 2]: Fact=18:	  2,  1,  0, -1, -2, -3, -4, -5, -6,        *
[ 3]: Fact=24:	  4,  2,  1,  0, -1, -2, -3, -4, -5,        *
[ 4]: Fact=30:	  5,  4,  2,  1,  0, -1, -2, -3, -4,        *
[ 5]: Fact= 4:	  5,  4,  2,  1,  0, -1, -2, -3, -4,        *
[ 6]: Fact=10:	  6,  5,  4,  2,  1,  0, -1, -2, -3,        *
[ 7]: Fact=16:	  7,  6,  5,  4,  2,  1,  0, -1, -2,        *
--- 8x8, Mode=18 ---
[ 0]: Fact= 0:	  0,  1,  2,  3,  4,  5,  6,  7,            *
[ 1]: Fact= 0:	 -1,  0,  1,  2,  3,  4,  5,  6,            *
[ 2]: Fact= 0:	 -2, -1,  0,  1,  2,  3,  4,  5,            *
[ 3]: Fact= 0:	 -3, -2, -1,  0,  1,  2,  3,  4,            *
[ 4]: Fact= 0:	 -4, -3, -2, -1,  0,  1,  2,  3,            *
[ 5]: Fact= 0:	 -5, -4, -3, -2, -1,  0,  1,  2,            *
[ 6]: Fact= 0:	 -6, -5, -4, -3, -2, -1,  0,  1,            *
[ 7]: Fact= 0:	 -7, -6, -5, -4, -3, -2, -1,  0,            *
--- 8x8, Mode=19 ---
[ 0]: Fact= 6:	  0,  1,  2,  3,  4,  5,  6,  7,  8,        x
[ 1]: Fact=12:	 -1,  0,  1,  2,  3,  4,  5,  6,  7,        *
[ 2]: Fact=18:	 -2, -1,  0,  1,  2,  3,  4,  5,  6,        *
[ 3]: Fact=24:	 -4, -2, -1,  0,  1,  2,  3,  4,  5,        *
[ 4]: Fact=30:	 -5, -4, -2, -1,  0,  1,  2,  3,  4,        *
[ 5]: Fact= 4:	 -5, -4, -2, -1,  0,  1,  2,  3,  4,        *
[ 6]: Fact=10:	 -6, -5, -4, -2, -1,  0,  1,  2,  3,        *
[ 7]: Fact=16:	 -7, -6, -5, -4, -2, -1,  0,  1,  2,        *
--- 8x8, Mode=20 ---
[ 0]: Fact=11:	  0,  1,  2,  3,  4,  5,  6,  7,  8,        *
[ 1]: Fact=22:	 -2,  0,  1,  2,  3,  4,  5,  6,  7,        *
[ 2]: Fact= 1:	 -2,  0,  1,  2,  3,  4,  5,  6,  7,        *
[ 3]: Fact=12:	 -3, -2,  0,  1,  2,  3,  4,  5,  6,        *
[ 4]: Fact=23:	 -5, -3, -2,  0,  1,  2,  3,  4,  5,        *
[ 5]: Fact= 2:	 -5, -3, -2,  0,  1,  2,  3,  4,  5,        *
[ 6]: Fact=13:	 -6, -5, -3, -2,  0,  1,  2,  3,  4,        *
[ 7]: Fact=24:	 -8, -6, -5, -3, -2,  0,  1,  2,  3,        *
--- 8x8, Mode=21 ---
[ 0]: Fact=15:	  0,  1,  2,  3,  4,  5,  6,  7,  8,        *
[ 1]: Fact=30:	 -2,  0,  1,  2,  3,  4,  5,  6,  7,        *
[ 2]: Fact=13:	 -2,  0,  1,  2,  3,  4,  5,  6,  7,        *
[ 3]: Fact=28:	 -4, -2,  0,  1,  2,  3,  4,  5,  6,        *
[ 4]: Fact=11:	 -4, -2,  0,  1,  2,  3,  4,  5,  6,        *
[ 5]: Fact=26:	 -6, -4, -2,  0,  1,  2,  3,  4,  5,        *
[ 6]: Fact= 9:	 -6, -4, -2,  0,  1,  2,  3,  4,  5,        *
[ 7]: Fact=24:	 -8, -6, -4, -2,  0,  1,  2,  3,  4,        *
--- 8x8, Mode=22 ---
[ 0]: Fact=19:	  0,  1,  2,  3,  4,  5,  6,  7,  8,        *
[ 1]: Fact= 6:	  0,  1,  2,  3,  4,  5,  6,  7,  8,        *
[ 2]: Fact=25:	 -2,  0,  1,  2,  3,  4,  5,  6,  7,        *
[ 3]: Fact=12:	 -2,  0,  1,  2,  3,  4,  5,  6,  7,        *
[ 4]: Fact=31:	 -5, -2,  0,  1,  2,  3,  4,  5,  6,        *
[ 5]: Fact=18:	 -5, -2,  0,  1,  2,  3,  4,  5,  6,        *
[ 6]: Fact= 5:	 -5, -2,  0,  1,  2,  3,  4,  5,  6,        *
[ 7]: Fact=24:	 -7, -5, -2,  0,  1,  2,  3,  4,  5,        *
--- 8x8, Mode=23 ---
[ 0]: Fact=23:	  0,  1,  2,  3,  4,  5,  6,  7,  8,        *
[ 1]: Fact=14:	  0,  1,  2,  3,  4,  5,  6,  7,  8,        *
[ 2]: Fact= 5:	  0,  1,  2,  3,  4,  5,  6,  7,  8,        *
[ 3]: Fact=28:	 -4,  0,  1,  2,  3,  4,  5,  6,  7,        *
[ 4]: Fact=19:	 -4,  0,  1,  2,  3,  4,  5,  6,  7,        *
[ 5]: Fact=10:	 -4,  0,  1,  2,  3,  4,  5,  6,  7,        *
[ 6]: Fact= 1:	 -4,  0,  1,  2,  3,  4,  5,  6,  7,        *
[ 7]: Fact=24:	 -7, -4,  0,  1,  2,  3,  4,  5,  6,        *
--- 8x8, Mode=24 ---
[ 0]: Fact=27:	  0,  1,  2,  3,  4,  5,  6,  7,  8,        *
[ 1]: Fact=22:	  0,  1,  2,  3,  4,  5,  6,  7,  8,        *
[ 2]: Fact=17:	  0,  1,  2,  3,  4,  5,  6,  7,  8,        *
[ 3]: Fact=12:	  0,  1,  2,  3,  4,  5,  6,  7,  8,        *
[ 4]: Fact= 7:	  0,  1,  2,  3,  4,  5,  6,  7,  8,        *
[ 5]: Fact= 2:	  0,  1,  2,  3,  4,  5,  6,  7,  8,        *
[ 6]: Fact=29:	 -6,  0,  1,  2,  3,  4,  5,  6,  7,        *
[ 7]: Fact=24:	 -6,  0,  1,  2,  3,  4,  5,  6,  7,        *
--- 8x8, Mode=25 ---
[ 0]: Fact=30:	  0,  1,  2,  3,  4,  5,  6,  7,  8,        *
[ 1]: Fact=28:	  0,  1,  2,  3,  4,  5,  6,  7,  8,        *
[ 2]: Fact=26:	  0,  1,  2,  3,  4,  5,  6,  7,  8,        *
[ 3]: Fact=24:	  0,  1,  2,  3,  4,  5,  6,  7,  8,        *
[ 4]: Fact=22:	  0,  1,  2,  3,  4,  5,  6,  7,  8,        *
[ 5]: Fact=20:	  0,  1,  2,  3,  4,  5,  6,  7,  8,        *
[ 6]: Fact=18:	  0,  1,  2,  3,  4,  5,  6,  7,  8,        *
[ 7]: Fact=16:	  0,  1,  2,  3,  4,  5,  6,  7,  8,        *
--- 8x8, Mode=26 ---
[ 0]: Fact= 0:	  1,  2,  3,  4,  5,  6,  7,  8,            *
[ 1]: Fact= 0:	  1,  2,  3,  4,  5,  6,  7,  8,            *
[ 2]: Fact= 0:	  1,  2,  3,  4,  5,  6,  7,  8,            *
[ 3]: Fact= 0:	  1,  2,  3,  4,  5,  6,  7,  8,            *
[ 4]: Fact= 0:	  1,  2,  3,  4,  5,  6,  7,  8,            *
[ 5]: Fact= 0:	  1,  2,  3,  4,  5,  6,  7,  8,            *
[ 6]: Fact= 0:	  1,  2,  3,  4,  5,  6,  7,  8,            *
[ 7]: Fact= 0:	  1,  2,  3,  4,  5,  6,  7,  8,            *
--- 8x8, Mode=27 ---
[ 0]: Fact= 2:	  1,  2,  3,  4,  5,  6,  7,  8,  9,        *
[ 1]: Fact= 4:	  1,  2,  3,  4,  5,  6,  7,  8,  9,        *
[ 2]: Fact= 6:	  1,  2,  3,  4,  5,  6,  7,  8,  9,        *
[ 3]: Fact= 8:	  1,  2,  3,  4,  5,  6,  7,  8,  9,        *
[ 4]: Fact=10:	  1,  2,  3,  4,  5,  6,  7,  8,  9,        *
[ 5]: Fact=12:	  1,  2,  3,  4,  5,  6,  7,  8,  9,        *
[ 6]: Fact=14:	  1,  2,  3,  4,  5,  6,  7,  8,  9,        *
[ 7]: Fact=16:	  1,  2,  3,  4,  5,  6,  7,  8,  9,        *
--- 8x8, Mode=28 ---
[ 0]: Fact= 5:	  1,  2,  3,  4,  5,  6,  7,  8,  9,        *
[ 1]: Fact=10:	  1,  2,  3,  4,  5,  6,  7,  8,  9,        *
[ 2]: Fact=15:	  1,  2,  3,  4,  5,  6,  7,  8,  9,        *
[ 3]: Fact=20:	  1,  2,  3,  4,  5,  6,  7,  8,  9,        *
[ 4]: Fact=25:	  1,  2,  3,  4,  5,  6,  7,  8,  9,        *
[ 5]: Fact=30:	  1,  2,  3,  4,  5,  6,  7,  8,  9,        *
[ 6]: Fact= 3:	  2,  3,  4,  5,  6,  7,  8,  9, 10,        *
[ 7]: Fact= 8:	  2,  3,  4,  5,  6,  7,  8,  9, 10,        *
--- 8x8, Mode=29 ---
[ 0]: Fact= 9:	  1,  2,  3,  4,  5,  6,  7,  8,  9,        *
[ 1]: Fact=18:	  1,  2,  3,  4,  5,  6,  7,  8,  9,        *
[ 2]: Fact=27:	  1,  2,  3,  4,  5,  6,  7,  8,  9,        *
[ 3]: Fact= 4:	  2,  3,  4,  5,  6,  7,  8,  9, 10,        *
[ 4]: Fact=13:	  2,  3,  4,  5,  6,  7,  8,  9, 10,        *
[ 5]: Fact=22:	  2,  3,  4,  5,  6,  7,  8,  9, 10,        *
[ 6]: Fact=31:	  2,  3,  4,  5,  6,  7,  8,  9, 10,        *
[ 7]: Fact= 8:	  3,  4,  5,  6,  7,  8,  9, 10, 11,        *
--- 8x8, Mode=30 ---
[ 0]: Fact=13:	  1,  2,  3,  4,  5,  6,  7,  8,  9,        *
[ 1]: Fact=26:	  1,  2,  3,  4,  5,  6,  7,  8,  9,        *
[ 2]: Fact= 7:	  2,  3,  4,  5,  6,  7,  8,  9, 10,        *
[ 3]: Fact=20:	  2,  3,  4,  5,  6,  7,  8,  9, 10,        *
[ 4]: Fact= 1:	  3,  4,  5,  6,  7,  8,  9, 10, 11,        *
[ 5]: Fact=14:	  3,  4,  5,  6,  7,  8,  9, 10, 11,        *
[ 6]: Fact=27:	  3,  4,  5,  6,  7,  8,  9, 10, 11,        *
[ 7]: Fact= 8:	  4,  5,  6,  7,  8,  9, 10, 11, 12,        *
--- 8x8, Mode=31 ---
[ 0]: Fact=17:	  1,  2,  3,  4,  5,  6,  7,  8,  9,        *
[ 1]: Fact= 2:	  2,  3,  4,  5,  6,  7,  8,  9, 10,        *
[ 2]: Fact=19:	  2,  3,  4,  5,  6,  7,  8,  9, 10,        *
[ 3]: Fact= 4:	  3,  4,  5,  6,  7,  8,  9, 10, 11,        *
[ 4]: Fact=21:	  3,  4,  5,  6,  7,  8,  9, 10, 11,        *
[ 5]: Fact= 6:	  4,  5,  6,  7,  8,  9, 10, 11, 12,        *
[ 6]: Fact=23:	  4,  5,  6,  7,  8,  9, 10, 11, 12,        *
[ 7]: Fact= 8:	  5,  6,  7,  8,  9, 10, 11, 12, 13,        *
--- 8x8, Mode=32 ---
[ 0]: Fact=21:	  1,  2,  3,  4,  5,  6,  7,  8,  9,        *
[ 1]: Fact=10:	  2,  3,  4,  5,  6,  7,  8,  9, 10,        *
[ 2]: Fact=31:	  2,  3,  4,  5,  6,  7,  8,  9, 10,        *
[ 3]: Fact=20:	  3,  4,  5,  6,  7,  8,  9, 10, 11,        *
[ 4]: Fact= 9:	  4,  5,  6,  7,  8,  9, 10, 11, 12,        *
[ 5]: Fact=30:	  4,  5,  6,  7,  8,  9, 10, 11, 12,        *
[ 6]: Fact=19:	  5,  6,  7,  8,  9, 10, 11, 12, 13,        *
[ 7]: Fact= 8:	  6,  7,  8,  9, 10, 11, 12, 13, 14,        *
--- 8x8, Mode=33 ---
[ 0]: Fact=26:	  1,  2,  3,  4,  5,  6,  7,  8,  9,        *
[ 1]: Fact=20:	  2,  3,  4,  5,  6,  7,  8,  9, 10,        *
[ 2]: Fact=14:	  3,  4,  5,  6,  7,  8,  9, 10, 11,        *
[ 3]: Fact= 8:	  4,  5,  6,  7,  8,  9, 10, 11, 12,        *
[ 4]: Fact= 2:	  5,  6,  7,  8,  9, 10, 11, 12, 13,        *
[ 5]: Fact=28:	  5,  6,  7,  8,  9, 10, 11, 12, 13,        *
[ 6]: Fact=22:	  6,  7,  8,  9, 10, 11, 12, 13, 14,        *
[ 7]: Fact=16:	  7,  8,  9, 10, 11, 12, 13, 14, 15,        *
--- 8x8, Mode=34 ---
[ 0]: Fact= 0:	  2,  3,  4,  5,  6,  7,  8,  9,            *
[ 1]: Fact= 0:	  3,  4,  5,  6,  7,  8,  9, 10,            *
[ 2]: Fact= 0:	  4,  5,  6,  7,  8,  9, 10, 11,            *
[ 3]: Fact= 0:	  5,  6,  7,  8,  9, 10, 11, 12,            *
[ 4]: Fact= 0:	  6,  7,  8,  9, 10, 11, 12, 13,            *
[ 5]: Fact= 0:	  7,  8,  9, 10, 11, 12, 13, 14,            *
[ 6]: Fact= 0:	  8,  9, 10, 11, 12, 13, 14, 15,            *
[ 7]: Fact= 0:	  9, 10, 11, 12, 13, 14, 15, 16,            *

